,Date,Adj Close,daily_return
0,2017-01-03,52.12451934814453,
1,2017-01-04,52.10773849487305,-0.00032193780357769874
2,2017-01-05,52.25883865356445,0.002899764277934924
3,2017-01-06,52.00503158569336,-0.004856729969711648
4,2017-01-09,51.23514938354492,-0.01480399451118175
5,2017-01-10,51.14209365844727,-0.0018162477560285106
6,2017-01-11,51.59048080444336,0.008767477315078986
7,2017-01-12,51.83583068847656,0.004755720051596635
8,2017-01-13,51.67508316040039,-0.003101089071808949
9,2017-01-17,52.43650436401367,0.014734784291489555
10,2017-01-18,52.521114349365234,0.0016135702861541645
11,2017-01-19,52.15731430053711,-0.006926738956987144
12,2017-01-20,52.80875015258789,0.012489827376791718
13,2017-01-23,52.554954528808594,-0.0048059388462322605
14,2017-01-24,53.02025604248047,0.008853618423679155
15,2017-01-25,53.30790710449219,0.005425305034008954
16,2017-01-26,53.04563522338867,-0.004919943313276609
17,2017-01-27,53.06256103515625,0.00031908019757520556
18,2017-01-30,52.961036682128906,-0.001913295382785618
19,2017-01-31,52.8595085144043,-0.0019170351278049447
20,2017-02-01,51.9204216003418,-0.017765714068389338
21,2017-02-02,52.2165412902832,0.0057033375464627944
22,2017-02-03,53.07102584838867,0.0163642504269903
23,2017-02-06,51.97965240478516,-0.020564393209984377
24,2017-02-07,52.30113220214844,0.006184723877331599
25,2017-02-08,52.63954925537109,0.006470549278257298
26,2017-02-09,53.350215911865234,0.01350062199519364
27,2017-02-10,53.09639358520508,-0.004757662594645717
28,2017-02-13,53.20638656616211,0.002071571598935895
29,2017-02-14,53.37559127807617,0.0031801579252832557
30,2017-02-15,53.46018600463867,0.0015848953526673704
31,2017-02-16,52.06424331665039,-0.02611181876297919
32,2017-02-17,50.10994338989258,-0.03753631671686697
33,2017-02-21,51.62431716918945,0.030221023550434323
34,2017-02-22,51.26052474975586,-0.007046919734382762
35,2017-02-23,51.4212760925293,0.0031359675609681226
36,2017-02-24,51.9204216003418,0.00970698406850734
37,2017-02-27,50.71061325073242,-0.023301204272220488
38,2017-02-28,51.07439804077149,0.007173740696851283
39,2017-03-01,51.2266960144043,0.0029818848478886384
40,2017-03-02,51.53125762939453,0.005945369088504071
41,2017-03-03,51.37897491455078,-0.0029551523065659557
42,2017-03-06,51.12516403198242,-0.0049399756026755615
43,2017-03-07,50.972877502441406,-0.0029787000672653052
44,2017-03-08,50.82059860229492,-0.0029874495537198786
45,2017-03-09,51.29438018798828,0.009322628987529669
46,2017-03-10,51.24361038208008,-0.0009897732601922282
47,2017-03-13,51.201316833496094,-0.0008253428723822287
48,2017-03-14,51.15055465698242,-0.0009914232612170393
49,2017-03-15,51.74276351928711,0.011577760324908759
50,2017-03-16,51.446659088134766,-0.005722624981983615
51,2017-03-17,51.31975936889648,-0.0024666270169437787
52,2017-03-20,50.98133850097656,-0.006594358042236292
53,2017-03-21,50.558326721191406,-0.008297384733769841
54,2017-03-22,49.864593505859375,-0.013721443337270434
55,2017-03-23,50.2283821105957,0.007295529335731521
56,2017-03-24,50.05071258544922,-0.003537233685036556
57,2017-03-27,49.73768997192383,-0.006254109029736221
58,2017-03-28,49.92381286621094,0.003742089638504975
59,2017-03-29,50.28760147094727,0.0072868754177739525
60,2017-03-30,49.97457504272461,-0.006224723770202223
61,2017-03-31,49.92381286621094,-0.001015760043387548
62,2017-04-03,49.53464889526367,-0.0077951572326852014
63,2017-04-04,49.39082717895508,-0.00290345686335014
64,2017-04-05,49.28083801269531,-0.0022269148451644627
65,2017-04-06,49.21260070800781,-0.0013846620195444581
66,2017-04-07,49.1784782409668,-0.0006933684981103028
67,2017-04-10,49.067569732666016,-0.002255224485746554
68,2017-04-11,48.982269287109375,-0.0017384281720366213
69,2017-04-12,49.1187629699707,0.00278659369702261
70,2017-04-13,48.76900100708008,-0.0071207404613274905
71,2017-04-17,49.13582229614258,0.007521607609088488
72,2017-04-18,49.613529205322266,0.009722171866801022
73,2017-04-19,49.34054946899414,-0.005502122922931285
74,2017-04-20,49.37467193603516,0.0006915704711085713
75,2017-04-21,49.2467155456543,-0.0025915390495482304
76,2017-04-24,49.59646224975586,0.007101929544465424
77,2017-04-25,49.68178176879883,0.0017202742932211912
78,2017-04-26,49.37467193603516,-0.006181538218432703
79,2017-04-27,48.97373962402344,-0.00812020204470687
80,2017-04-28,49.059043884277344,0.0017418367661687917
81,2017-05-01,48.28276443481445,-0.015823370942450787
82,2017-05-02,47.70267868041992,-0.01201434427346626
83,2017-05-03,47.81358337402344,0.002324915427632801
84,2017-05-04,48.66664505004883,0.01784140856693983
85,2017-05-05,48.8799057006836,0.004382070110143355
86,2017-05-08,48.96521759033203,0.0017453366250508306
87,2017-05-09,48.08656692504883,-0.017944383963213295
88,2017-05-10,48.06097412109375,-0.0005322235624549698
89,2017-05-11,47.99273300170898,-0.001419886313848595
90,2017-05-12,47.98419570922852,-0.00017788719138267517
91,2017-05-15,48.078033447265625,0.0019555967678552832
92,2017-05-16,47.84771728515625,-0.004790465532705235
93,2017-05-17,47.796531677246094,-0.0010697607078119509
94,2017-05-18,47.69416427612305,-0.002141732831459353
95,2017-05-19,47.967132568359375,0.00572330590920922
96,2017-05-22,48.37660217285156,0.008536462001530687
97,2017-05-23,48.35953903198242,-0.00035271474437525985
98,2017-05-24,48.54720687866211,0.003880678981567076
99,2017-05-25,48.478965759277344,-0.0014056652024353467
100,2017-05-26,48.89696502685547,0.00862228104563334
101,2017-05-30,48.257171630859375,-0.013084521618973777
102,2017-05-31,48.40219879150391,0.0030052975701500007
103,2017-06-01,49.09316635131836,0.014275540720595004
104,2017-06-02,49.09316635131836,0.0
105,2017-06-05,48.999324798583984,-0.0019114992922402152
106,2017-06-06,49.07610321044922,0.0015669279562695593
107,2017-06-07,49.22112274169922,0.0029549927920748953
108,2017-06-08,48.79459762573242,-0.008665489371404655
109,2017-06-09,48.70076370239258,-0.001923039186829123
110,2017-06-12,48.82872009277344,0.0026274000786270513
111,2017-06-13,49.62205505371094,0.01624730198600699
112,2017-06-14,50.11682891845703,0.00997084591137054
113,2017-06-15,50.1850700378418,0.001361640807238551
114,2017-06-16,48.70929718017578,-0.029406611499260937
115,2017-06-19,48.72635269165039,0.0003501489954067516
116,2017-06-20,48.40219879150391,-0.006652537738619291
117,2017-06-21,47.950077056884766,-0.009340933798621331
118,2017-06-22,47.770938873291016,-0.0037359310889372166
119,2017-06-23,47.7197494506836,-0.0010715599026259737
120,2017-06-26,47.915958404541016,0.004111692875927275
121,2017-06-27,47.36146926879883,-0.011572118229605022
122,2017-06-28,48.12921905517578,0.016210430086524674
123,2017-06-29,46.89229583740234,-0.02570004753984112
124,2017-06-30,47.25910568237305,0.007822390403801283
125,2017-07-03,47.07143020629883,-0.003971202445843591
126,2017-07-05,46.75580596923828,-0.006705218763850329
127,2017-07-06,46.32542037963867,-0.009204965686673616
128,2017-07-07,46.16189193725586,-0.003529993706321344
129,2017-07-10,45.96391677856445,-0.0042887141402371265
130,2017-07-11,46.0758171081543,0.0024345255459610193
131,2017-07-12,45.99834060668945,-0.001681500325495744
132,2017-07-13,45.86062240600586,-0.0029939819321126437
133,2017-07-14,46.25656509399414,0.008633609122941754
134,2017-07-17,46.60947799682617,0.007629466263111118
135,2017-07-18,46.196319580078125,-0.00886425753955411
136,2017-07-19,46.35125350952149,0.003353815430573448
137,2017-07-20,46.62668991088867,0.0059423722232365694
138,2017-07-21,46.7816276550293,0.003322941097400056
139,2017-07-24,46.89352798461914,0.0023919717034004417
140,2017-07-25,47.44440460205078,0.011747391188232426
141,2017-07-26,47.453006744384766,0.00018130994384124577
142,2017-07-27,47.762882232666016,0.006530154979440095
143,2017-07-28,47.62516021728516,-0.002883452776362372
144,2017-07-31,47.9092025756836,0.0059641239442034255
145,2017-08-01,47.51325988769531,-0.00826443912028818
146,2017-08-02,48.262115478515625,0.015760981094337545
147,2017-08-03,48.39121627807617,0.0026749925543154696
148,2017-08-04,48.34819030761719,-0.0008891276923427283
149,2017-08-07,48.52894973754883,0.00373870105130214
150,2017-08-08,48.012489318847656,-0.010642316009191632
151,2017-08-09,48.00389099121094,-0.00017908522883736122
152,2017-08-10,48.451473236083984,0.009323874286669698
153,2017-08-11,48.70970153808594,0.005329627455159303
154,2017-08-14,49.40691375732422,0.014313621254548936
155,2017-08-15,49.32944107055664,-0.001568053555178639
156,2017-08-16,49.518802642822266,0.0038387131124144602
157,2017-08-17,49.55323028564453,0.0006952438464755684
158,2017-08-18,49.18310928344727,-0.007469159932939506
159,2017-08-21,49.312232971191406,0.0026253665053987962
160,2017-08-22,49.49298477172852,0.003665455600899481
161,2017-08-23,49.647911071777344,0.003130267870555148
162,2017-08-24,47.926414489746094,-0.034674098967475864
163,2017-08-25,47.35831832885742,-0.011853508486645015
164,2017-08-28,46.72137451171875,-0.013449460192309082
165,2017-08-29,46.42010498046875,-0.006448216354902669
166,2017-08-30,46.265174865722656,-0.0033375649368152516
167,2017-08-31,45.843406677246094,-0.009116321070884892
168,2017-09-01,46.23936462402344,0.008637184177106016
169,2017-09-05,46.23936462402344,0.0
170,2017-09-06,47.08289337158203,0.018242654379388767
171,2017-09-07,47.048458099365234,-0.0007313754476605538
172,2017-09-08,47.64236831665039,0.0126233726093814
173,2017-09-11,48.012489318847656,0.0077687364267302605
174,2017-09-12,47.82312774658203,-0.003944006548131429
175,2017-09-13,47.59073638916016,-0.004859392690777731
176,2017-09-14,47.3841438293457,-0.0043410246507872285
177,2017-09-15,48.02970504760742,0.013623992460151113
178,2017-09-18,48.57197952270508,0.01129039777696228
179,2017-09-19,47.66819763183594,-0.01860706316172822
180,2017-09-20,44.90518951416016,-0.05796334359053801
181,2017-09-21,44.49202728271485,-0.009200768016245142
182,2017-09-22,44.09609603881836,-0.00889892567449524
183,2017-09-25,44.99127197265625,0.02030057112198458
184,2017-09-26,44.733055114746094,-0.0057392655639317836
185,2017-09-27,45.12899398803711,0.008851147597126685
186,2017-09-28,44.98265838623047,-0.003242607221544347
187,2017-09-29,44.552284240722656,-0.009567556941889266
188,2017-10-02,44.59532928466797,0.0009661691802991257
189,2017-10-03,44.173561096191406,-0.009457676291260597
190,2017-10-04,44.76747894287109,0.013445097744924306
191,2017-10-05,44.83634185791016,0.0015382352695569868
192,2017-10-06,44.66255569458008,-0.0038760112027165228
193,2017-10-09,43.61115646362305,-0.023540955384347195
194,2017-10-10,44.27154159545898,0.015142573263031256
195,2017-10-11,44.20202255249024,-0.0015702873779274151
196,2017-10-12,44.54959487915039,0.007863267483912084
197,2017-10-13,44.77550506591797,0.005070981843502853
198,2017-10-16,45.01881408691406,0.005433976024120657
199,2017-10-17,44.923221588134766,-0.0021233899807920897
200,2017-10-18,45.40114212036133,0.01063860772515901
201,2017-10-19,45.2099723815918,-0.004210681270148009
202,2017-10-20,45.19258117675781,-0.0003846762985652008
203,2017-10-23,44.897159576416016,-0.006536949044497864
204,2017-10-24,45.00143432617188,0.0023225244255906663
205,2017-10-25,44.77550506591797,-0.005020490205187023
206,2017-10-26,44.97536087036133,0.004463507539426592
207,2017-10-27,44.81027221679688,-0.0036706465577964753
208,2017-10-30,44.01955032348633,-0.017645996201160252
209,2017-10-31,45.11439514160156,0.02487178560593084
210,2017-11-01,45.2099723815918,0.0021185530625036364
211,2017-11-02,44.97536087036133,-0.005189375238946137
212,2017-11-03,44.61041641235352,-0.008114319728522834
213,2017-11-06,43.53295516967773,-0.02415268292311712
214,2017-11-07,44.28891754150391,0.017365289557754293
215,2017-11-08,45.3924446105957,0.024916550919485747
216,2017-11-09,44.99274063110352,-0.008805517810752117
217,2017-11-10,46.29612350463867,0.028968737072978312
218,2017-11-13,46.02676773071289,-0.0058181064317143205
219,2017-11-14,47.0260124206543,0.021710077400777905
220,2017-11-15,45.64443588256836,-0.02937898552247087
221,2017-11-16,46.63500213623047,0.021701796385666494
222,2017-11-17,46.67845153808594,0.000931690787287609
223,2017-11-20,47.13028717041016,0.009679747665913174
224,2017-11-21,46.50466537475586,-0.013274304766958567
225,2017-11-22,46.61762619018555,0.0024290211427047126
226,2017-11-24,46.61762619018555,0.0
227,2017-11-27,46.96518707275391,0.007455568010915625
228,2017-11-28,47.651634216308594,0.014616084515777672
229,2017-11-29,48.95502853393555,0.0273525628042548
230,2017-11-30,49.146183013916016,0.003904695507387146
231,2017-12-01,49.05929565429688,-0.001767937086681437
232,2017-12-04,50.27577972412109,0.024796199244202954
233,2017-12-05,49.74574279785156,-0.010542589874846353
234,2017-12-06,49.88476943969727,0.00279474451533801
235,2017-12-07,49.25914764404297,-0.01254133882307662
236,2017-12-08,48.52055740356445,-0.014993971187153399
237,2017-12-11,48.56401062011719,0.000895563012422107
238,2017-12-12,48.71173095703125,0.0030417656002421634
239,2017-12-13,49.0679817199707,0.007313449059194843
240,2017-12-14,48.772552490234375,-0.006020814783504469
241,2017-12-15,49.43292999267578,0.013539941395801058
242,2017-12-18,50.22365188598633,0.015995853238472968
243,2017-12-19,50.075931549072266,-0.002941250414235208
244,2017-12-20,51.05781173706055,0.019607826706650178
245,2017-12-21,51.72688293457031,0.013104188658835891
246,2017-12-22,52.24824142456055,0.010079062576604514
247,2017-12-26,52.239540100097656,-0.0001665381307704994
248,2017-12-27,52.29168319702149,0.0009981538279992819
249,2017-12-28,51.7442626953125,-0.010468595926554025
250,2017-12-29,51.51834487915039,-0.004366045710079813
251,2018-01-02,51.30111312866211,-0.00421659024562715
252,2018-01-03,51.03174591064453,-0.005250709031244805
253,2018-01-04,51.62261199951172,0.011578402390970188
254,2018-01-05,52.06575775146485,0.008584334166533925
255,2018-01-08,52.239540100097656,0.003337747420528281
256,2018-01-09,51.96796417236328,-0.005198666129410778
257,2018-01-10,51.36348724365234,-0.011631722318504956
258,2018-01-11,50.89040756225586,-0.009210427616651806
259,2018-01-12,50.680152893066406,-0.00413151867436401
260,2018-01-16,51.18827438354492,0.010026044940129486
261,2018-01-17,51.792755126953125,0.011808968961894095
262,2018-01-18,51.3897705078125,-0.007780714081589979
263,2018-01-19,51.783992767333984,0.007671220471038076
264,2018-01-22,52.36219787597656,0.011165711211965856
265,2018-01-23,52.37971496582031,0.0003345369475369342
266,2018-01-24,52.318397521972656,-0.001170633400499943
267,2018-01-25,52.68633270263672,0.007032615639833706
268,2018-01-26,52.73889923095703,0.000997726082340833
269,2018-01-29,52.195743560791016,-0.010298957279851417
270,2018-01-30,51.31968307495117,-0.016784136522923876
271,2018-01-31,51.24083709716797,-0.0015363691484230335
272,2018-02-01,50.70643997192383,-0.010429125586507548
273,2018-02-02,49.01563262939453,-0.033345021726342794
274,2018-02-05,47.31607818603516,-0.034673722487877257
275,2018-02-06,48.8667106628418,0.03277178786267809
276,2018-02-07,47.87675476074219,-0.020258288079381015
277,2018-02-08,47.29855728149414,-0.012076789292371881
278,2018-02-09,47.938079833984375,0.013520973772712663
279,2018-02-12,48.1132926940918,0.0036549828594345524
280,2018-02-13,47.99940490722656,-0.002367075302647459
281,2018-02-14,49.08572006225586,0.022631846314114412
282,2018-02-15,49.83913803100586,0.015349025496507629
283,2018-02-16,49.43614196777344,-0.008085935655261722
284,2018-02-20,49.01563262939453,-0.008506111554033247
285,2018-02-21,47.72782897949219,-0.026273325076499154
286,2018-02-22,48.13957977294922,0.008627058935237741
287,2018-02-23,46.41373443603516,-0.035850860041862
288,2018-02-26,45.04707717895508,-0.029445104421914947
289,2018-02-27,44.48639297485352,-0.012446627821693479
290,2018-02-28,44.28490447998047,-0.004529216270398595
291,2018-03-01,44.30242156982422,0.00039555442310290623
292,2018-03-02,44.6265754699707,0.0073168438351747245
293,2018-03-05,44.34623336791992,-0.0062819541741315765
294,2018-03-06,44.7317008972168,0.008692227051141588
295,2018-03-07,44.7317008972168,0.0
296,2018-03-08,45.29237365722656,0.012534125659519724
297,2018-03-09,45.073360443115234,-0.004835542861339581
298,2018-03-12,45.52892303466797,0.0101071361681071
299,2018-03-13,45.54644393920898,0.0003848301996440817
300,2018-03-14,45.38874053955078,-0.0034624744770126448
301,2018-03-15,44.6178092956543,-0.016985076799492016
302,2018-03-16,44.23234558105469,-0.008639234437652021
303,2018-03-19,43.98704147338867,-0.0055458082641469675
304,2018-03-20,43.74174118041992,-0.0055766490482691555
305,2018-03-21,39.86955642700195,-0.08852379098139951
306,2018-03-22,38.94093704223633,-0.023291440085767112
307,2018-03-23,38.73067855834961,-0.005399420246581799
308,2018-03-26,39.68558120727539,0.02465494239888355
309,2018-03-27,39.6943473815918,0.00022089066229424859
310,2018-03-28,38.85332107543945,-0.021187558471924106
311,2018-03-29,39.4753303527832,0.016009166272711317
312,2018-04-02,38.62554168701172,-0.021527081804688986
313,2018-04-03,38.80952453613281,0.004763243208650181
314,2018-04-04,39.74690628051758,0.024153394188378474
315,2018-04-05,39.79948043823242,0.0013227232666561672
316,2018-04-06,39.83451461791992,0.0008802672623295926
317,2018-04-09,39.807952880859375,-0.000666802076423445
318,2018-04-10,39.41828536987305,-0.009788684993487617
319,2018-04-11,39.737098693847656,0.008087955145260395
320,2018-04-12,39.48027420043945,-0.006463091213248728
321,2018-04-13,39.675106048583984,0.004934916286431612
322,2018-04-16,40.06477355957031,0.009821461107354379
323,2018-04-17,40.082481384277344,0.0004419799023873683
324,2018-04-18,39.61311340332031,-0.011710052989412634
325,2018-04-19,38.99317932128906,-0.015649718711059135
326,2018-04-20,38.44411087036133,-0.014081140868345665
327,2018-04-23,39.46256256103516,0.026491747828638612
328,2018-04-24,39.29429626464844,-0.004263947535755541
329,2018-04-25,39.002044677734375,-0.007437506577182007
330,2018-04-26,39.29429626464844,0.007493237580974865
331,2018-04-27,39.4271354675293,0.0033806230295150286
332,2018-04-30,38.73637390136719,-0.017519953148282696
333,2018-05-01,38.56809997558594,-0.004344080481299528
334,2018-05-02,37.62936019897461,-0.02433979836200284
335,2018-05-03,36.49578475952149,-0.030124759853982552
336,2018-05-04,37.673641204833984,0.03227376676713867
337,2018-05-07,37.49651336669922,-0.004701638399423946
338,2018-05-08,37.46109008789063,-0.0009447086042950747
339,2018-05-09,37.647064208984375,0.004964461008940546
340,2018-05-10,37.74448776245117,0.0025878127687721797
341,2018-05-11,37.779911041259766,0.0009385020411862843
342,2018-05-14,37.664772033691406,-0.003047625163611789
343,2018-05-15,37.62936019897461,-0.0009401844961419714
344,2018-05-16,38.12529754638672,0.013179531748340079
345,2018-05-17,37.91275024414063,-0.005574967696645006
346,2018-05-18,37.03600311279297,-0.023125389893949078
347,2018-05-21,36.99171829223633,-0.0011957235347932471
348,2018-05-22,37.133419036865234,0.0038306072594267437
349,2018-05-23,37.452239990234375,0.008585822734303639
350,2018-05-24,37.37252807617188,-0.0021283617237120023
351,2018-05-25,37.7621955871582,0.010426576178954372
352,2018-05-29,37.62049865722656,-0.0037523488168105246
353,2018-05-30,37.99245834350586,0.00988715459803835
354,2018-05-31,37.452239990234375,-0.014219094442037505
355,2018-06-01,37.72677230834961,0.007330197557924967
356,2018-06-04,38.3289794921875,0.01596232985201884
357,2018-06-05,37.62936019897461,-0.018253011232805982
358,2018-06-06,37.72677230834961,0.002588726166480315
359,2018-06-07,37.390254974365234,-0.00891985487743141
360,2018-06-08,38.001312255859375,0.01634268827300267
361,2018-06-11,39.33856964111328,0.03518976861246981
362,2018-06-12,39.4271354675293,0.0022513738355005586
363,2018-06-13,39.51569366455078,0.0022461230310382163
364,2018-06-14,39.41828536987305,-0.002465053391309202
365,2018-06-15,40.23303985595703,0.02066945526521291
366,2018-06-18,39.61311340332031,-0.015408392079151567
367,2018-06-19,39.83451843261719,0.005589185253949802
368,2018-06-20,39.737098693847656,-0.002445611058015551
369,2018-06-21,39.82566452026367,0.0022287944849312957
370,2018-06-22,40.04705810546875,0.005559068200668316
371,2018-06-25,40.74668884277344,0.01747021555146766
372,2018-06-26,40.79096603393555,0.0010866451341102756
373,2018-06-27,40.498722076416016,-0.007164428449093374
374,2018-06-28,39.56883239746094,-0.022960963489181085
375,2018-06-29,39.19688034057617,-0.00940012717960903
376,2018-07-02,38.470680236816406,-0.0185269872869962
377,2018-07-03,38.550384521484375,0.0020718189586803604
378,2018-07-05,39.71052551269531,0.03009414836223967
379,2018-07-06,39.88764953613281,0.004460379739393616
380,2018-07-09,39.67276763916016,-0.005387178725033581
381,2018-07-10,40.012996673583984,0.008575883525907324
382,2018-07-11,40.012996673583984,0.0
383,2018-07-12,39.91451644897461,-0.0024612059279826015
384,2018-07-13,40.20997619628906,0.0074023130830649375
385,2018-07-16,39.35940170288086,-0.0211533199934274
386,2018-07-17,39.60114669799805,0.006141988563294065
387,2018-07-18,38.5804443359375,-0.02577456581862425
388,2018-07-19,38.813236236572266,0.0060339351876754765
389,2018-07-20,38.82219314575195,0.00023076945001676563
390,2018-07-23,38.4013786315918,-0.010839534814024332
391,2018-07-24,38.5804443359375,0.0046630019735383055
392,2018-07-25,38.99229431152344,0.010675096740715873
393,2018-07-26,39.54742050170898,0.014236817812012692
394,2018-07-27,40.27265167236328,0.018338267362417948
395,2018-07-30,41.1142692565918,0.020897992788641462
396,2018-07-31,41.2396240234375,0.003048935785854967
397,2018-08-01,40.36219024658203,-0.021276473722379285
398,2018-08-02,40.95311737060547,0.01464061093843827
399,2018-08-03,42.29613494873047,0.032794025567610685
400,2018-08-06,42.1707763671875,-0.0029638306595844988
401,2018-08-07,41.615665435791016,-0.013163403171974952
402,2018-08-08,40.48752975463867,-0.027108437876427804
403,2018-08-09,40.53230285644531,0.0011058491856128505
404,2018-08-10,40.45172119140625,-0.0019880850423046326
405,2018-08-13,40.71137237548828,0.006418791992890416
406,2018-08-14,41.0068359375,0.007257519085493103
407,2018-08-15,41.39183044433594,0.00938854456907423
408,2018-08-16,41.723106384277344,0.008003413629820155
409,2018-08-17,42.26927185058594,0.013090239764947276
410,2018-08-20,42.60054397583008,0.00783718551895407
411,2018-08-21,41.30229568481445,-0.030474922849628383
412,2018-08-22,40.96206665039063,-0.00823753326014065
413,2018-08-23,40.81881713867188,-0.003497126083539137
414,2018-08-24,41.16798782348633,0.008554159803999761
415,2018-08-27,41.06950759887695,-0.0023921554055938987
416,2018-08-28,40.63078308105469,-0.010682487896062853
417,2018-08-29,40.899391174316406,0.0066109504393718765
418,2018-08-30,40.86357116699219,-0.0008758078371277067
419,2018-08-31,41.194854736328125,0.00810706357459856
420,2018-09-04,41.1142692565918,-0.0019562025464617827
421,2018-09-05,40.782997131347656,-0.008057351650267441
422,2018-09-06,42.09019470214844,0.03205251361469985
423,2018-09-07,42.57368469238281,0.011486998187007602
424,2018-09-10,42.46624374389648,-0.002523646925622014
425,2018-09-11,41.85740661621094,-0.014336966823750408
426,2018-09-12,42.537879943847656,0.016256939515530755
427,2018-09-13,42.609493255615234,0.0016835185924195528
428,2018-09-14,42.75275802612305,0.0033622735114064994
429,2018-09-17,42.77066802978516,0.0004189204273363778
430,2018-09-18,39.5116081237793,-0.07619848031684429
431,2018-09-19,39.6369514465332,0.003172316407908271
432,2018-09-20,39.72648620605469,0.0022588709841184773
433,2018-09-21,39.80707550048828,0.002028603637774351
434,2018-09-24,39.40415954589844,-0.010121717044621947
435,2018-09-25,39.1982307434082,-0.005226067624925945
436,2018-09-26,39.12661361694336,-0.001827049974108541
437,2018-09-27,38.52672576904297,-0.01533196442128626
438,2018-09-28,38.42823791503906,-0.0025563515206122878
439,2018-10-01,38.20439910888672,-0.0058248521997606995
440,2018-10-02,38.69684219360352,0.012889695851864724
441,2018-10-03,38.49986267089844,-0.0050903255030366745
442,2018-10-04,38.80428314208984,0.00790705343012843
443,2018-10-05,38.93858337402344,0.0034609641271257097
444,2018-10-08,39.74439239501953,0.020694358941000024
445,2018-10-09,39.192138671875,-0.01389513563714051
446,2018-10-10,39.780609130859375,0.015015012676679262
447,2018-10-11,38.79378509521485,-0.02480665975722851
448,2018-10-12,39.02012634277344,0.005834471862002033
449,2018-10-15,39.44563293457031,0.010904797899909502
450,2018-10-16,40.16990661621094,0.018361314745335644
451,2018-10-17,39.889251708984375,-0.006986695535739718
452,2018-10-18,39.51805877685547,-0.009305587751732625
453,2018-10-19,40.32380676269531,0.02038936149140369
454,2018-10-22,39.970733642578125,-0.008755947130562713
455,2018-10-23,40.27854537963867,0.007700927879208397
456,2018-10-24,40.57731246948242,0.00741752431791598
457,2018-10-25,40.260440826416016,-0.0078090840369164916
458,2018-10-26,39.40037155151367,-0.0213626392868016
459,2018-10-29,39.96168518066406,0.014246404463889473
460,2018-10-30,41.19294357299805,0.030810972729692132
461,2018-10-31,39.65386199951172,-0.03736274808230011
462,2018-11-01,40.124637603759766,0.011872124945959683
463,2018-11-02,38.17815399169922,-0.04851093313994581
464,2018-11-05,38.90242767333984,0.018970893191904814
465,2018-11-06,39.67197036743164,0.019781354021234376
466,2018-11-07,39.69913101196289,0.0006846305913141837
467,2018-11-08,40.23328399658203,0.013455029644305894
468,2018-11-09,41.02092361450195,0.01957681649817178
469,2018-11-12,41.355899810791016,0.00816598376567601
470,2018-11-13,41.1748275756836,-0.004378389442276531
471,2018-11-14,41.011863708496094,-0.003957851842559923
472,2018-11-15,40.9484977722168,-0.0015450635633066367
473,2018-11-16,39.99788665771485,-0.023214798251938062
474,2018-11-19,40.04315948486328,0.0011318804799826943
475,2018-11-20,39.99788665771485,-0.0011306007750347957
476,2018-11-21,39.210243225097656,-0.019692126220505535
477,2018-11-23,39.26456451416016,0.0013853851594507471
478,2018-11-26,38.368282318115234,-0.02282674485595526
479,2018-11-27,38.4316520690918,0.0016516181373760208
480,2018-11-28,37.91561508178711,-0.013427395376523599
481,2018-11-29,38.21437072753906,0.007879488308643046
482,2018-11-30,38.304908752441406,0.0023692140725766198
483,2018-12-03,37.57158279418945,-0.019144438196976865
484,2018-12-04,36.45801544189453,-0.029638553115924005
485,2018-12-06,35.96913528442383,-0.013409401239896424
486,2018-12-07,34.837459564208984,-0.03146241107177539
487,2018-12-10,34.89178466796875,0.001559387637311449
488,2018-12-11,35.06378936767578,0.004929661848593669
489,2018-12-12,34.909881591796875,-0.00438936517285804
490,2018-12-13,34.51153564453125,-0.011410693164861097
491,2018-12-14,33.84158706665039,-0.019412308533046096
492,2018-12-17,33.262168884277344,-0.01712148373041411
493,2018-12-18,33.2259521484375,-0.0010888266476501984
494,2018-12-19,34.90082931518555,0.05040870339141845
495,2018-12-20,35.37160873413086,0.013489061096335409
496,2018-12-21,35.1362190246582,-0.006654764029590865
497,2018-12-24,34.031707763671875,-0.03143511998861326
498,2018-12-26,34.78313446044922,0.022080193624002487
499,2018-12-27,35.33539581298828,0.015877273888787125
500,2018-12-28,35.090946197509766,-0.006917981526859296
501,2018-12-31,35.25391387939453,0.004644151826727727
502,2019-01-02,34.792198181152344,-0.013096863509162171
503,2019-01-03,35.33539581298828,0.015612627549649982
504,2019-01-04,36.05060958862305,0.020240717817907594
505,2019-01-07,36.64813232421875,0.016574552896999384
506,2019-01-08,37.20039367675781,0.015069290507175426
507,2019-01-09,37.03546524047852,-0.004433513196456684
508,2019-01-10,37.95173263549805,0.024740269605634024
509,2019-01-11,38.2999153137207,0.0091743552676955
510,2019-01-14,38.29075241088867,-0.00023924081181314616
511,2019-01-15,38.39154052734375,0.0026321790539278744
512,2019-01-16,38.73056411743164,0.008830684714160597
513,2019-01-17,39.37194061279297,0.01655995749033412
514,2019-01-18,39.830078125,0.011636142518669068
515,2019-01-22,39.61933517456055,-0.005291050391065588
516,2019-01-23,40.32486343383789,0.017807675372865983
517,2019-01-24,39.87589263916016,-0.011133845385846497
518,2019-01-25,39.66514587402344,-0.005285067021415402
519,2019-01-28,39.90337371826172,0.006005974237303757
520,2019-01-29,39.93087005615234,0.0006890730113386923
521,2019-01-30,40.04997634887695,0.0029828123593882427
522,2019-01-31,40.71885299682617,0.016701049761493225
523,2019-02-01,40.53559875488281,-0.004500476522696806
524,2019-02-04,40.159934997558594,-0.009267502364917357
525,2019-02-05,40.87461853027344,0.01779593350333597
526,2019-02-06,40.178253173828125,-0.01703662031560138
527,2019-02-07,40.18741989135742,0.00022815122124986154
528,2019-02-08,40.2698860168457,0.0020520383172450973
529,2019-02-11,40.3065299987793,0.0009099599119368751
530,2019-02-12,41.08536148071289,0.0193227122740951
531,2019-02-13,40.746341705322266,-0.00825159529263908
532,2019-02-14,40.80132293701172,0.0013493538165236796
533,2019-02-15,41.26861190795898,0.011452789696761778
534,2019-02-19,41.910003662109375,0.015541878548783972
535,2019-02-20,43.0186882019043,0.0264539356458533
536,2019-02-21,43.0186882019043,0.0
537,2019-02-22,42.679664611816406,-0.007880844448271307
538,2019-02-25,42.33147811889648,-0.008158135638758779
539,2019-02-26,42.93621063232422,0.014285646055855361
540,2019-02-27,43.1469612121582,0.004908457843164182
541,2019-02-28,43.18360900878906,0.0008493714412622921
542,2019-03-01,43.26607894897461,0.0019097509929928425
543,2019-03-04,42.8629150390625,-0.009318244678182541
544,2019-03-05,42.89956283569336,0.0008550000996774276
545,2019-03-06,42.89039993286133,-0.00021358965514695072
546,2019-03-07,42.51473617553711,-0.008758690940449787
547,2019-03-08,42.66133499145508,0.0034481883014088055
548,2019-03-11,42.982032775878906,0.007517293692006266
549,2019-03-12,42.90873336791992,-0.0017053499619524848
550,2019-03-13,43.137794494628906,0.005338333451721855
551,2019-03-14,43.48597717285156,0.008071406577496942
552,2019-03-15,43.53178787231445,0.001053459125013978
553,2019-03-18,43.6325798034668,0.0023153639232089684
554,2019-03-19,43.28439331054688,-0.007979965761553465
555,2019-03-20,44.24647903442383,0.022227081178529895
556,2019-03-21,45.84993743896485,0.03623923167521492
557,2019-03-22,46.491329193115234,0.01398893411804969
558,2019-03-25,46.81201934814453,0.006897848708459442
559,2019-03-26,47.46256256103516,0.013896926942042143
560,2019-03-27,47.00443649291992,-0.009652366905518628
561,2019-03-28,47.178524017333984,0.003703640281705889
562,2019-03-29,47.41676330566406,0.00504974017929305
563,2019-04-01,46.72039794921875,-0.014686058429511761
564,2019-04-02,46.71123504638672,-0.00019612210585173706
565,2019-04-03,46.07900619506836,-0.013534834835570608
566,2019-04-04,46.051517486572266,-0.000596556019019312
567,2019-04-05,46.619606018066406,0.012335935111362772
568,2019-04-08,47.01359939575195,0.008451237823263957
569,2019-04-09,47.20786666870117,0.00413215059995542
570,2019-04-10,47.68892288208008,0.010190170565319123
571,2019-04-11,47.698184967041016,0.00019421879130798736
572,2019-04-12,47.71668243408203,0.00038780232526236524
573,2019-04-15,47.846187591552734,0.0027140436188037853
574,2019-04-16,47.61491394042969,-0.004833690263837842
575,2019-04-17,47.87394332885742,0.005440089396187897
576,2019-04-18,47.846187591552734,-0.000579767100320705
577,2019-04-22,47.87394332885742,0.0005801034252013171
578,2019-04-23,47.18936538696289,-0.014299593772587382
579,2019-04-24,46.88408660888672,-0.006469228301182239
580,2019-04-25,46.45853805541992,-0.009076609661115453
581,2019-04-26,47.26337432861328,0.017323753757237936
582,2019-04-29,47.12460708618164,-0.00293604179563689
583,2019-04-30,47.61491394042969,0.010404476229401105
584,2019-05-01,47.46689987182617,-0.003108565286680798
585,2019-05-02,47.42064666748047,-0.000974430697403883
586,2019-05-03,47.346641540527344,-0.0015606098219633768
587,2019-05-06,47.59641647338867,0.005275451958879129
588,2019-05-07,47.35589218139648,-0.005053411786298478
589,2019-05-08,47.05986022949219,-0.006251216865904241
590,2019-05-09,47.55940628051758,0.01061511973451057
591,2019-05-10,47.67967224121094,0.002528752356242725
592,2019-05-13,47.910945892333984,0.004850571328448572
593,2019-05-14,48.07746505737305,0.003475597526570784
594,2019-05-15,48.4845085144043,0.008466408462790342
595,2019-05-16,48.19772720336914,-0.005914906014772847
596,2019-05-17,48.47526168823242,0.005758248385701492
597,2019-05-20,48.76203918457031,0.005915955610148016
598,2019-05-21,48.466007232666016,-0.006070951027781657
599,2019-05-22,48.76203918457031,0.006108032594539292
600,2019-05-23,49.4281120300293,0.01365965937022895
601,2019-05-24,48.85454940795898,-0.011603975926126053
602,2019-05-28,47.26337432861328,-0.03256963985193306
603,2019-05-29,44.63608932495117,-0.055588180932556686
604,2019-05-30,45.16339874267578,0.011813521876564703
605,2019-05-31,45.73696517944336,0.012699806762452637
606,2019-06-03,46.84708404541016,0.024271808625941693
607,2019-06-04,47.0691032409668,0.004739231909107078
608,2019-06-05,47.43913650512695,0.007861489569193525
609,2019-06-06,47.48540115356445,0.0009752422123556759
610,2019-06-07,47.929447174072266,0.009351211313805674
611,2019-06-10,47.4946517944336,-0.00907157092923594
612,2019-06-11,48.44750213623047,0.02006226608252648
613,2019-06-12,48.669532775878906,0.004582912015238749
614,2019-06-13,49.02106857299805,0.00722291292044952
615,2019-06-14,49.40961456298828,0.007926102006765579
616,2019-06-17,49.011817932128906,-0.008050996438198399
617,2019-06-18,48.521514892578125,-0.010003771748065882
618,2019-06-19,49.32635116577149,0.016587204150059875
619,2019-06-20,49.97392272949219,0.013128308671046751
620,2019-06-21,49.74264526367188,-0.004627963009271929
621,2019-06-24,49.65013122558594,-0.0018598536043982206
622,2019-06-25,49.67789077758789,0.000559103295736163
623,2019-06-26,47.46689987182617,-0.04450653743856625
624,2019-06-27,48.30874252319336,0.017735361981515485
625,2019-06-28,48.58626937866211,0.005744857782947088
626,2019-07-01,49.33560562133789,0.01542279850374495
627,2019-07-02,49.53911972045898,0.004125095791528421
628,2019-07-03,50.26995468139648,0.014752683637930586
629,2019-07-05,50.12193298339844,-0.0029445361336841724
630,2019-07-08,50.00167083740234,-0.0023993916203498555
631,2019-07-09,49.76828384399414,-0.0046675838926889535
632,2019-07-10,50.87923049926758,0.02232238223756844
633,2019-07-11,50.00167465209961,-0.017247820742505193
634,2019-07-12,49.889644622802734,-0.002240525543921401
635,2019-07-15,49.59090423583984,-0.005988023952095967
636,2019-07-16,49.348175048828125,-0.004894631198039123
637,2019-07-17,49.52556228637695,0.0035946058263209846
638,2019-07-18,49.74027633666992,0.004335418728845575
639,2019-07-19,49.26416015625,-0.009572045342034374
640,2019-07-22,48.97475051879883,-0.005874648761559298
641,2019-07-23,48.90940475463867,-0.0013342745694043812
642,2019-07-24,49.32950210571289,0.008589295927474483
643,2019-07-25,50.16037368774414,0.0168432995786314
644,2019-07-26,50.07636260986328,-0.0016748495217328019
645,2019-07-29,50.13236999511719,0.0011184395657937163
646,2019-07-30,50.11370086669922,-0.00037239668541078075
647,2019-07-31,49.581573486328125,-0.010618401179081416
648,2019-08-01,50.42177200317383,0.01694578162343685
649,2019-08-02,50.13236999511719,-0.005739623907672797
650,2019-08-05,49.30149841308594,-0.016573554813230973
651,2019-08-06,49.02143096923828,-0.005680708555773184
652,2019-08-07,49.40419387817383,0.007808072946212885
653,2019-08-08,50.43111038208008,0.02078601882339237
654,2019-08-09,50.33775329589844,-0.0018511804613132732
655,2019-08-12,50.66450881958008,0.006491261573810858
656,2019-08-13,50.76719284057617,0.002026744626337118
657,2019-08-14,50.19772720336914,-0.011217197669276646
658,2019-08-15,50.720516204833984,0.01041459505421094
659,2019-08-16,51.36467361450195,0.012700135130063517
660,2019-08-19,51.53272247314453,0.0032716816211819655
661,2019-08-20,50.68318176269531,-0.0164854614636738
662,2019-08-21,50.76719284057617,0.0016575730835961533
663,2019-08-22,51.04726791381836,0.005516851682575874
664,2019-08-23,50.06702423095703,-0.01920266691875161
665,2019-08-26,50.39376831054688,0.00652613341033792
666,2019-08-27,48.4612922668457,-0.038347520109876965
667,2019-08-28,49.59090423583984,0.023309571745921964
668,2019-08-29,49.805625915527344,0.004329860142625153
669,2019-08-30,50.225730895996094,0.008434890090152969
670,2019-09-03,50.69251251220703,0.00929367493282518
671,2019-09-04,50.70185089111328,0.00018421613850772012
672,2019-09-05,50.56181335449219,-0.0027619807592791368
673,2019-09-06,51.30865478515625,0.014770859293117278
674,2019-09-09,51.89680862426758,0.011463053193931705
675,2019-09-10,50.90723037719727,-0.019068190767467907
676,2019-09-11,50.71117401123047,-0.0038512479369654518
677,2019-09-12,50.4964599609375,-0.00423405796610854
678,2019-09-13,50.38443374633789,-0.002218496399277625
679,2019-09-16,50.91656875610352,0.010561496283647553
680,2019-09-17,51.3740119934082,0.008984172509657773
681,2019-09-18,50.90723037719727,-0.009085948285892598
682,2019-09-19,50.77653121948242,-0.0025673987122543096
683,2019-09-20,50.720516204833984,-0.0011031674142195635
684,2019-09-23,50.319091796875,-0.0079144385348493
685,2019-09-24,50.58048248291016,0.005194662238546144
686,2019-09-25,50.57114410400391,-0.00018462415635134288
687,2019-09-26,51.336673736572266,0.015137676754830354
688,2019-09-27,51.22464370727539,-0.002182261162297805
689,2019-09-30,51.4580307006836,0.004556146739485456
690,2019-10-01,50.77653121948242,-0.013243792502773077
691,2019-10-02,49.39485931396485,-0.02721083682430514
692,2019-10-03,49.82429885864258,0.008694012912317639
693,2019-10-04,50.69251251220703,0.017425506699606075
694,2019-10-07,50.87923049926758,0.0036833444981758667
695,2019-10-08,50.5524787902832,-0.006422103985811667
696,2019-10-09,51.02352142333984,0.00931789388628701
697,2019-10-10,51.44746398925781,0.00830876729186425
698,2019-10-11,51.202518463134766,-0.004761080666176087
699,2019-10-14,50.88220977783203,-0.006255721298813688
700,2019-10-15,50.50537490844727,-0.007406024051041404
701,2019-10-16,49.60097122192383,-0.017907077972649232
702,2019-10-17,49.89301681518555,0.005887900701682991
703,2019-10-18,49.50675964355469,-0.007741708084352594
704,2019-10-21,49.46907424926758,-0.0007612171460713579
705,2019-10-22,48.13131332397461,-0.027042368299681208
706,2019-10-23,48.21609878540039,0.0017615447319105915
707,2019-10-24,48.150150299072266,-0.001367769022990628
708,2019-10-25,47.58489608764648,-0.011739406999040636
709,2019-10-28,47.10443115234375,-0.010097005033230744
710,2019-10-29,47.53779602050781,0.009200087073814478
711,2019-10-30,47.7733154296875,0.004954361137779362
712,2019-10-31,47.91463088989258,0.0029580417212839993
713,2019-11-01,48.21609878540039,0.006291771217033615
714,2019-11-04,48.40451431274414,0.003907730656151687
715,2019-11-05,48.60235595703125,0.004087256056508393
716,2019-11-06,49.43139266967773,0.017057541683358268
717,2019-11-07,48.969764709472656,-0.009338760962893988
718,2019-11-08,49.45965194702149,0.01000387158188798
719,2019-11-11,49.3277587890625,-0.0026666818864853337
720,2019-11-12,49.3277587890625,0.0
721,2019-11-13,49.55386734008789,0.004583799397663402
722,2019-11-14,49.487911224365234,-0.0013309983511478052
723,2019-11-15,49.51617813110352,0.0005711881152172804
724,2019-11-18,49.82706832885742,0.00627855802866617
725,2019-11-19,49.84590911865234,0.00037812358677347113
726,2019-11-20,50.090850830078125,0.0049139782131917276
727,2019-11-21,49.30891799926758,-0.015610292455663699
728,2019-11-22,49.638648986816406,0.0066870456892549335
729,2019-11-25,49.66691207885742,0.0005693767380439141
730,2019-11-26,50.21331787109375,0.011001404544111582
731,2019-11-27,50.38289642333984,0.0033771628610843596
732,2019-11-29,50.2321662902832,-0.0029916924940188716
733,2019-12-02,50.38289642333984,0.0030006695746622736
734,2019-12-03,50.54305648803711,0.0031788578280917967
735,2019-12-04,50.21331787109375,-0.006523915248801915
736,2019-12-05,50.77857971191406,0.011257209536948753
737,2019-12-06,50.222747802734375,-0.010946188576622884
738,2019-12-09,50.0814323425293,-0.0028137739647408067
739,2019-12-10,50.15680313110352,0.0015049647154403711
740,2019-12-11,48.59293365478516,-0.031179608322137287
741,2019-12-12,48.66830062866211,0.0015509862897427062
742,2019-12-13,48.61177444458008,-0.0011614579377513534
743,2019-12-16,49.34660720825195,0.015116353436339214
744,2019-12-17,49.14876174926758,-0.004009302162343853
745,2019-12-18,50.10027313232422,0.019359824117457514
746,2019-12-19,50.119117736816406,0.00037613775961697904
747,2019-12-20,50.19448471069336,0.0015037569949398755
748,2019-12-23,49.66691207885742,-0.010510569734438313
749,2019-12-24,49.9118537902832,0.004931687942203444
750,2019-12-26,49.3842887878418,-0.010569934041282036
751,2019-12-27,50.10969543457031,0.014689016781124664
752,2019-12-30,49.68576049804688,-0.008460137960267122
753,2019-12-31,50.45827102661133,0.015547926021879377
754,2020-01-02,49.111083984375,-0.02669903297966414
755,2020-01-03,48.93208694458008,-0.0036447381176084592
756,2020-01-06,49.54443740844727,0.012514292810783534
757,2020-01-07,49.20529556274414,-0.006845205303417368
758,2020-01-08,49.9118537902832,0.014359394033881978
759,2020-01-09,49.80726623535156,-0.0020954452096908494
760,2020-01-10,49.68364334106445,-0.0024820252872936877
761,2020-01-13,50.453861236572266,0.01550244393754463
762,2020-01-14,50.39680480957031,-0.0011308634384674665
763,2020-01-15,50.74863052368164,0.006981111509762217
764,2020-01-16,51.08144378662109,0.006558073774702855
765,2020-01-17,51.20505905151367,0.0024199641930433557
766,2020-01-21,51.67099380493164,0.009099389045704065
767,2020-01-22,51.32867050170898,-0.006625057464832218
768,2020-01-23,51.57590866088867,0.004816765304128889
769,2020-01-24,51.07193374633789,-0.009771517897327109
770,2020-01-27,50.60600280761719,-0.009123033034834194
771,2020-01-28,50.40631866455078,-0.003945858830730398
772,2020-01-29,50.425331115722656,0.0003771838863775301
773,2020-01-30,51.090946197509766,0.013200014101237612
774,2020-01-31,49.655120849609375,-0.02810332269732707
775,2020-02-03,50.38730239868164,0.014745338175488953
776,2020-02-04,49.96891021728516,-0.008303524131655471
777,2020-02-05,49.97842025756836,0.0001903191452814479
778,2020-02-06,49.170166015625,-0.016172064618648396
779,2020-02-07,49.35083770751953,0.003674416959200899
780,2020-02-10,49.78824234008789,0.00886316530553466
781,2020-02-11,50.16859436035156,0.007639394410945632
782,2020-02-12,50.33024597167969,0.003222167441387924
783,2020-02-13,50.38730239868164,0.0011336409330098274
784,2020-02-14,50.69158554077149,0.0060388853461981196
785,2020-02-18,50.91028594970703,0.004314333564485517
786,2020-02-19,50.6250228881836,-0.005603250034879714
787,2020-02-20,51.47130584716797,0.016716692866560745
788,2020-02-21,51.27162170410156,-0.0038795235477281365
789,2020-02-24,51.08144378662109,-0.0037092237608170597
790,2020-02-25,49.94989013671875,-0.02215195119834701
791,2020-02-26,49.57904815673828,-0.007424280192917965
792,2020-02-27,47.677284240722656,-0.03835821756810309
793,2020-02-28,46.5932731628418,-0.022736426689231815
794,2020-03-02,48.88490676879883,0.04918378663692202
795,2020-03-03,49.11311340332031,0.004668243218725721
796,2020-03-04,51.50934600830078,0.0487900774137946
797,2020-03-05,51.63294982910156,0.002399638713736829
798,2020-03-06,52.079872131347656,0.008655757684295606
799,2020-03-09,51.48081207275391,-0.011502717538992568
800,2020-03-10,51.43326950073242,-0.0009235008172424619
801,2020-03-11,50.273193359375,-0.022554975653276355
802,2020-03-12,47.54415512084961,-0.05428416331178765
803,2020-03-13,50.85322570800781,0.0695999451193754
804,2020-03-16,50.75814437866211,-0.0018697207113594905
805,2020-03-17,56.739200592041016,0.1178344142914185
806,2020-03-18,54.91350555419922,-0.032176960880515026
807,2020-03-19,51.04341125488281,-0.07047618359561203
808,2020-03-20,50.74863052368164,-0.00577509856716274
809,2020-03-23,44.95775604248047,-0.11410898031029393
810,2020-03-24,45.86109161376953,0.0200929861898691
811,2020-03-25,45.30958557128906,-0.012025575996426618
812,2020-03-26,47.54415512084961,0.04931781037910232
813,2020-03-27,49.2747688293457,0.03640013591780433
814,2020-03-30,51.442779541015625,0.043998394374582084
815,2020-03-31,50.178104400634766,-0.024584113682514452
816,2020-04-01,50.51091003417969,0.006632487167863355
817,2020-04-02,52.18447113037109,0.03313266569655804
818,2020-04-03,53.924583435058594,0.03334540461932112
819,2020-04-06,54.86595916748047,0.01745726480308507
820,2020-04-07,53.6678466796875,-0.02183708270069029
821,2020-04-08,53.456817626953125,-0.0039321319149226985
822,2020-04-09,55.0587043762207,0.029965995365573317
823,2020-04-13,55.317684173583984,0.0047037030801460045
824,2020-04-14,56.449554443359375,0.02046127358158456
825,2020-04-15,56.641395568847656,0.0033984524303158903
826,2020-04-16,58.21450424194336,0.027773127008913212
827,2020-04-17,58.19532012939453,-0.00032954180059829863
828,2020-04-20,58.281646728515625,0.0014833941789331728
829,2020-04-21,57.34162139892578,-0.016129011144256467
830,2020-04-22,57.734901428222656,0.006858543928516259
831,2020-04-23,57.27447891235352,-0.007974769238006552
832,2020-04-24,58.01306915283203,0.012895625669659294
833,2020-04-27,57.53346633911133,-0.00826715119066046
834,2020-04-28,58.47349166870117,0.016338757064439546
835,2020-04-29,57.84041213989258,-0.01082677826724443
836,2020-04-30,57.4471321105957,-0.006799398806939472
837,2020-05-01,57.149784088134766,-0.005176029012005201
838,2020-05-04,57.29366302490234,0.002517576208961536
839,2020-05-05,57.370399475097656,0.0013393531874890119
840,2020-05-06,56.56466674804688,-0.014044398059325225
841,2020-05-07,56.37282180786133,-0.0033916038264678594
842,2020-05-08,57.32243728637695,0.016845271321564326
843,2020-05-11,58.3296127319336,0.01757035278393526
844,2020-05-12,59.960262298583984,0.027955775639114666
845,2020-05-13,60.96744155883789,0.016797445869040084
846,2020-05-14,59.67250442504883,-0.021239814246417965
847,2020-05-15,59.94108200073242,0.0045008597891336155
848,2020-05-18,59.06820297241211,-0.014562283482130733
849,2020-05-19,58.25286865234375,-0.013803269424823461
850,2020-05-20,58.44471740722656,0.003293378666513025
851,2020-05-21,57.50468826293945,-0.016084073736506332
852,2020-05-22,57.514278411865234,0.00016677160098543808
853,2020-05-26,57.47591400146485,-0.0006670414975156191
854,2020-05-27,58.339202880859375,0.015020011328093386
855,2020-05-28,59.384742736816406,0.017921737088047562
856,2020-05-29,60.46865463256836,0.01825236324683055
857,2020-06-01,60.9482536315918,0.007931365464266982
858,2020-06-02,60.83314895629883,-0.0018885639609746985
859,2020-06-03,58.96268844604492,-0.03074738924985787
860,2020-06-04,58.281646728515625,-0.01155038441221179
861,2020-06-05,58.51185989379883,0.003950011336425918
862,2020-06-08,59.6053581237793,0.018688488657943925
863,2020-06-09,60.257625579833984,0.010943101032966807
864,2020-06-10,60.21925354003906,-0.0006367997315805951
865,2020-06-11,58.1089973449707,-0.035042881985663854
866,2020-06-12,57.69652938842773,-0.007098177139321704
867,2020-06-15,58.38716506958008,0.011970142545365547
868,2020-06-16,59.26963806152344,0.015114160636018559
869,2020-06-17,59.27922439575195,0.0001617410624064064
870,2020-06-18,59.2408561706543,-0.0006472457338764226
871,2020-06-19,59.06820297241211,-0.0029144278020700742
872,2020-06-22,59.010650634765625,-0.0009743370332997436
873,2020-06-23,58.51185989379883,-0.008452554506710341
874,2020-06-24,57.83081817626953,-0.01163937907230106
875,2020-06-25,57.86919403076172,0.0006635883029566525
876,2020-06-26,56.79487228393555,-0.01856465715169786
877,2020-06-29,58.26246643066406,0.02584025789144384
878,2020-06-30,59.13534927368164,0.014981906817425283
879,2020-07-01,57.965110778808594,-0.01978915334476372
880,2020-07-02,58.9722785949707,0.017375414324754868
881,2020-07-06,59.6533203125,0.011548506073621123
882,2020-07-07,60.41109848022461,0.012703034194155638
883,2020-07-08,60.37272644042969,-0.0006351819576245754
884,2020-07-09,60.46940231323242,0.0016013169936615057
885,2020-07-10,61.43614196777344,0.015987253347292674
886,2020-07-13,61.44580841064453,0.00015734130694866622
887,2020-07-14,63.00225830078125,0.02533044857567668
888,2020-07-15,62.45121383666992,-0.008746424000875774
889,2020-07-16,62.53822326660156,0.0013932384110131313
890,2020-07-17,62.48988723754883,-0.0007729037783289483
891,2020-07-20,61.52314758300781,-0.015470337638249454
892,2020-07-21,62.35454177856445,0.013513518540885894
893,2020-07-22,62.56722640991211,0.0034108923789857304
894,2020-07-23,62.828243255615234,0.004171782268132862
895,2020-07-24,62.09352493286133,-0.011694077132870406
896,2020-07-27,61.948516845703125,-0.002335317367068379
897,2020-07-28,62.393211364746094,0.0071784530394904955
898,2020-07-29,62.2288703918457,-0.002633955991456549
899,2020-07-30,61.36846923828125,-0.013826398392685513
900,2020-07-31,61.16545486450195,-0.0033081218465957907
901,2020-08-03,62.45121383666992,0.021020999108340988
902,2020-08-04,63.55329132080078,0.01764701462830076
903,2020-08-05,62.27719879150391,-0.020079094296713618
904,2020-08-06,62.045188903808594,-0.0037254387191058003
905,2020-08-07,62.20952987670898,0.002648730317433179
906,2020-08-10,61.629486083984375,-0.00932403433805351
907,2020-08-11,60.07304000854492,-0.025254892979611032
908,2020-08-12,60.962440490722656,0.014805318359970121
909,2020-08-13,60.875431060791016,-0.0014272629053438957
910,2020-08-14,61.16545486450195,0.004764217659852132
911,2020-08-17,62.14186096191406,0.015963358722257848
912,2020-08-18,62.48020935058594,0.005444773996698293
913,2020-08-19,62.31586837768555,-0.0026302884482708455
914,2020-08-20,62.07418823242188,-0.0038783082312018324
915,2020-08-21,61.8905029296875,-0.0029591253299458
916,2020-08-24,61.99684524536133,0.0017182331802125805
917,2020-08-25,61.77449798583984,-0.0035864286100610876
918,2020-08-26,62.11285781860352,0.005477338445408986
919,2020-08-27,62.55755233764648,0.007159459967880588
920,2020-08-28,61.28146362304688,-0.02039863560696986
921,2020-08-31,61.82283401489258,0.008834162238287258
922,2020-09-01,61.02044296264648,-0.012978878516840764
923,2020-09-02,62.35454177856445,0.021863145384484417
924,2020-09-03,60.875431060791016,-0.023720978064855403
925,2020-09-04,61.04944610595703,0.0028585431287089236
926,2020-09-08,57.54019165039063,-0.05748216698765385
927,2020-09-09,57.98488998413086,0.007728481970344703
928,2020-09-10,56.54444885253906,-0.024841663612468867
929,2020-09-11,56.59278869628906,0.0008548999014219572
930,2020-09-14,56.80546569824219,0.0037580230070386467
931,2020-09-15,57.05682373046875,0.004424891674364773
932,2020-09-16,56.795806884765625,-0.004574682371667693
933,2020-09-17,55.66471862792969,-0.019914995822329473
934,2020-09-18,55.413368225097656,-0.004515434713900035
935,2020-09-21,55.945072174072266,0.009595228841075887
936,2020-09-22,56.06108093261719,0.002073618891472062
937,2020-09-23,55.80006408691406,-0.004655936727599896
938,2020-09-24,56.747467041015625,0.016978528064517828
939,2020-09-25,57.68519973754883,0.016524661723763545
940,2020-09-28,57.90755081176758,0.003854560185808209
941,2020-09-29,57.86888122558594,-0.0006677814143329908
942,2020-09-30,59.62834167480469,0.03040425893771781
943,2020-10-01,60.48873901367188,0.014429335358000506
944,2020-10-02,60.44040298461914,-0.0007990913654493115
945,2020-10-05,60.59507751464844,0.002559124730995954
946,2020-10-06,59.19330978393555,-0.02313335980755238
947,2020-10-07,59.54133605957031,0.0058794866667384316
948,2020-10-08,59.84352493286133,0.005075278676794914
949,2020-10-09,60.31143569946289,0.007818903835068447
950,2020-10-12,60.77934265136719,0.007758179630077411
951,2020-10-13,61.14002227783203,0.0059342469123715436
952,2020-10-14,60.52589416503906,-0.010044617092258346
953,2020-10-15,61.12052917480469,0.009824472946144303
954,2020-10-16,60.79883575439453,-0.00526326301086355
955,2020-10-19,59.74604797363281,-0.01731592007805216
956,2020-10-20,59.58032989501953,-0.0027737077887798334
957,2020-10-21,59.43410873413086,-0.0024541851504735757
958,2020-10-22,59.76554489135742,0.005576531124731554
959,2020-10-23,60.22370529174805,0.007665962072687105
960,2020-10-26,59.44385528564453,-0.012949219951273405
961,2020-10-27,59.58032989501953,0.002295857304664972
962,2020-10-28,58.020633697509766,-0.026178038964502992
963,2020-10-29,57.72819137573242,-0.005040315886620461
964,2020-10-30,57.63071060180664,-0.001688616455889136
965,2020-11-02,58.225345611572266,0.010318023212904537
966,2020-11-03,59.35612106323242,0.01942067393130964
967,2020-11-04,58.94670486450195,-0.006897623891128468
968,2020-11-05,59.03443908691406,0.0014883651700936529
969,2020-11-06,59.53158950805664,0.00842136266274407
970,2020-11-09,56.88985443115234,-0.044375349268085396
971,2020-11-10,57.43574523925781,0.009595574001092011
972,2020-11-11,58.38131332397461,0.016463059385368517
973,2020-11-12,58.96620178222656,0.01001841899318423
974,2020-11-13,59.43410873413086,0.007935171975844257
975,2020-11-16,59.668060302734375,0.003936318278954243
976,2020-11-17,59.73629760742188,0.001143615266547826
977,2020-11-18,59.5900764465332,-0.002447777427546982
978,2020-11-19,60.43816375732422,0.014232022534019784
979,2020-11-20,59.81428527832031,-0.010322591558356242
980,2020-11-23,59.482852935791016,-0.005541023201850792
981,2020-11-24,59.04418182373047,-0.007374749031188399
982,2020-11-25,58.48854446411133,-0.009410535339077652
983,2020-11-27,58.61526870727539,0.0021666506548443376
984,2020-11-30,59.28788375854492,0.011475082621024368
985,2020-12-01,59.76554489135742,0.008056639949535427
986,2020-12-02,58.7030029296875,-0.01777850371148504
987,2020-12-03,58.917457580566406,0.0036532143191341238
988,2020-12-04,58.917457580566406,0.0
989,2020-12-07,58.23509216308594,-0.011581718653547957
990,2020-12-08,58.87846755981445,0.011047898660944133
991,2020-12-09,57.83542251586914,-0.01771522064302522
992,2020-12-10,57.38700485229492,-0.007753339459933617
993,2020-12-11,57.82567596435547,0.007644084461100764
994,2020-12-14,57.85491561889648,0.0005056517550963147
995,2020-12-15,57.54297637939453,-0.005391749969125503
996,2020-12-16,57.43574523925781,-0.0018634965878323584
997,2020-12-17,58.196102142333984,0.01323839187441167
998,2020-12-18,57.903656005859375,-0.005025184259924376
999,2020-12-21,57.50398635864258,-0.0069023214557705215
1000,2020-12-22,57.123809814453125,-0.00661130763732376
1001,2020-12-23,57.50398635864258,0.006655307925439891
1002,2020-12-24,57.64046096801758,0.0023733069308244925
1003,2020-12-28,57.85491561889648,0.0037205575263856705
1004,2020-12-29,57.65995788574219,-0.003369769553178914
1005,2020-12-30,57.08482360839844,-0.009974587190705653
1006,2020-12-31,57.31876754760742,0.004098180994897005
1007,2021-01-04,57.54297637939453,0.003911612921559948
1008,2021-01-05,57.60146331787109,0.0010164044711717946
1009,2021-01-06,57.45524597167969,-0.002538431105204797
1010,2021-01-07,56.98324966430664,-0.008215025440944101
1011,2021-01-08,55.459110260009766,-0.026747147859690568
1012,2021-01-11,54.64295959472656,-0.014716259627261086
1013,2021-01-12,53.46297454833984,-0.0215944570927048
1014,2021-01-13,54.46596145629883,0.01876040224907638
1015,2021-01-14,54.81995391845703,0.006499333761733617
1016,2021-01-15,55.3017807006836,0.008789259161787522
1017,2021-01-19,54.74128723144531,-0.010135179412610884
1018,2021-01-20,54.41679382324219,-0.005927763569591904
1019,2021-01-21,54.36762619018555,-0.00090353785297137
1020,2021-01-22,55.03628158569336,0.01229877856297712
1021,2021-01-25,56.93408584594727,0.034482784911603614
1022,2021-01-26,58.14356994628906,0.021243585145362953
1023,2021-01-27,59.39238357543945,0.021478103774914326
1024,2021-01-28,58.36973190307617,-0.01721856593050053
1025,2021-01-29,57.1307487487793,-0.021226466421915835
1026,2021-02-01,56.58992767333984,-0.009466374715612624
1027,2021-02-02,56.65875625610352,0.0012162691417629823
1028,2021-02-03,55.872100830078125,-0.01388409273351554
1029,2021-02-04,55.95077133178711,0.0014080462438355035
1030,2021-02-05,56.44242858886719,0.008787318662053067
1031,2021-02-08,56.737422943115234,0.0052264645874262605
1032,2021-02-09,56.70792007446289,-0.0005199895786934805
1033,2021-02-10,57.12091827392578,0.007282901558028909
1034,2021-02-11,55.96060180664063,-0.020313337081186322
1035,2021-02-12,56.16709899902344,0.003690045955837107
1036,2021-02-16,55.35094833374024,-0.014530760531132003
1037,2021-02-17,55.86227035522461,0.009237818626003147
1038,2021-02-18,57.05208587646485,0.02129908995238261
1039,2021-02-19,55.55744171142578,-0.026197888159171456
1040,2021-02-22,55.23294448852539,-0.005840751713980685
1041,2021-02-23,55.872100830078125,0.011572012817196775
1042,2021-02-24,55.26244735717773,-0.010911590290018203
1043,2021-02-25,54.90845489501953,-0.006405660246464273
1044,2021-02-26,54.0922966003418,-0.01486398217247531
1045,2021-03-01,53.826805114746094,-0.004908120051867471
1046,2021-03-02,54.15129470825195,0.00602840151508377
1047,2021-03-03,53.97429656982422,-0.003268585532097412
1048,2021-03-04,54.36762619018555,0.007287350560511552
1049,2021-03-05,55.832767486572266,0.026948781822135226
1050,2021-03-08,56.79642105102539,0.0172596417450539
1051,2021-03-09,56.44242858886719,-0.006232654375179392
1052,2021-03-10,57.58307647705078,0.02020905047322108
1053,2021-03-11,57.160247802734375,-0.00734293303145972
1054,2021-03-12,57.76990509033203,0.010665756553429384
1055,2021-03-15,58.035400390625,0.004595737172803593
1056,2021-03-16,58.38939666748047,0.006099661146003799
1057,2021-03-17,58.39923095703125,0.00016842594909460828
1058,2021-03-18,58.90072250366211,0.008587297099851288
1059,2021-03-19,59.06788635253906,0.0028380610928253613
1060,2021-03-22,60.42486190795898,0.022973152405030728
1061,2021-03-23,60.1692008972168,-0.004231056599378058
1062,2021-03-24,57.64207458496094,-0.04200033031139616
1063,2021-03-25,58.536895751953125,0.015523750202177
1064,2021-03-26,59.95287322998047,0.024189486986591735
1065,2021-03-29,61.447513580322266,0.02493025387804737
1066,2021-03-30,60.75919342041016,-0.011201757724701888
1067,2021-03-31,60.29703140258789,-0.007606454131549145
1068,2021-04-01,59.90370559692383,-0.006523137151444924
1069,2021-04-05,60.5035285949707,0.010013120091149741
1070,2021-04-06,60.71002960205078,0.0034130407246568684
1071,2021-04-07,60.36586380004883,-0.005669010610897973
1072,2021-04-08,60.43527221679688,0.001149795801447695
1073,2021-04-09,59.62220001220703,-0.013453603744401965
1074,2021-04-12,60.45510482788086,0.013969709529391805
1075,2021-04-13,60.16755294799805,-0.004756453250746806
1076,2021-04-14,60.09814453125,-0.0011535855016080454
1077,2021-04-15,60.03865051269531,-0.000989947676733216
1078,2021-04-16,60.78231430053711,0.012386417440954034
1079,2021-04-19,60.78231430053711,0.0
1080,2021-04-20,61.77387237548828,0.016313266224915912
1081,2021-04-21,62.22998428344727,0.007383573190726134
1082,2021-04-22,61.50614929199219,-0.011631611349251503
1083,2021-04-23,60.742652893066406,-0.012413334401755294
1084,2021-04-26,60.02873611450195,-0.011753137944456538
1085,2021-04-27,60.02873611450195,0.0
1086,2021-04-28,60.28653717041016,0.004294627416717045
1087,2021-04-29,60.91122055053711,0.010361905152408646
1088,2021-04-30,60.34603118896485,-0.00927890389428876
1089,2021-05-03,61.07978057861328,0.01215903308290156
1090,2021-05-04,61.27809143066406,0.003246751219015076
1091,2021-05-05,61.30784225463867,0.0004855050684513529
1092,2021-05-06,63.10255432128906,0.029273776415032815
1093,2021-05-07,62.51753616333008,-0.00927091088865184
1094,2021-05-10,63.29095077514648,0.012371162705385741
1095,2021-05-11,62.577030181884766,-0.011279978962522641
1096,2021-05-12,62.42829513549805,-0.0023768313381828943
1097,2021-05-13,63.43968200683594,0.016200776733414246
1098,2021-05-14,62.86458206176758,-0.00906530308595166
1099,2021-05-17,62.25973510742188,-0.0096214264774942
1100,2021-05-18,62.39855194091797,0.002229640605707184
1101,2021-05-19,62.07133483886719,-0.005243985507237481
1102,2021-05-20,62.36880493164063,0.004792390779828626
1103,2021-05-21,62.59686279296875,0.0036566014304439953
1104,2021-05-24,62.51753616333008,-0.0012672620655292954
1105,2021-05-25,62.3192253112793,-0.003172083613990906
1106,2021-05-26,62.29939651489258,-0.00031818104746450526
1107,2021-05-27,61.7540397644043,-0.008753804707528956
1108,2021-05-28,62.32914352416992,0.00931281195464595
1109,2021-06-01,62.13083267211914,-0.0031816713793585416
1110,2021-06-02,62.95382308959961,0.013246087040610144
1111,2021-06-03,63.26120376586914,0.004882637164577819
1112,2021-06-04,63.48926162719727,0.00360501931281898
1113,2021-06-07,63.18188095092773,-0.004841459301802131
1114,2021-06-08,62.65635299682617,-0.008317700362699298
1115,2021-06-09,61.59539031982422,-0.016933042321433778
1116,2021-06-10,62.04159164428711,0.0072440700861875484
1117,2021-06-11,61.99201202392578,-0.0007991352099022686
1118,2021-06-14,62.12091827392578,0.002079400971051637
1119,2021-06-15,61.6152229309082,-0.008140500125701333
1120,2021-06-16,60.633583068847656,-0.015931774898571782
1121,2021-06-17,60.58400344848633,-0.0008176924049668743
1122,2021-06-18,59.25532150268555,-0.02193123382693818
1123,2021-06-21,59.632110595703125,0.006358738480568338
1124,2021-06-22,59.70151901245117,0.0011639436547639104
1125,2021-06-23,58.70996475219727,-0.01660852649405964
1126,2021-06-24,58.65047454833984,-0.0010132897219157222
1127,2021-06-25,59.12641906738281,0.008114930402663756
1128,2021-06-28,60.03865051269531,0.015428491352958318
1129,2021-06-29,59.523040771484375,-0.008587963533622567
1130,2021-06-30,60.41543960571289,0.01499249404368519
1131,2021-07-01,59.7114372253418,-0.011652689858181908
1132,2021-07-02,59.7114372253418,0.0
1133,2021-07-06,59.33464813232422,-0.00631016620142022
1134,2021-07-07,59.880001068115234,0.00919113794312576
1135,2021-07-08,59.65999984741211,-0.003674035016346555
1136,2021-07-09,59.70000076293945,0.0006704813213149752
1137,2021-07-12,59.27000045776367,-0.007202685086776683
1138,2021-07-13,59.130001068115234,-0.002362061558413564
1139,2021-07-14,59.27000045776367,0.0023676541031543152
1140,2021-07-15,59.77999877929688,0.008604662014413789
1141,2021-07-16,60.04999923706055,0.0045165684723496025
1142,2021-07-19,60.72999954223633,0.011323901978605111
1143,2021-07-20,59.91999816894531,-0.013337747067290517
1144,2021-07-21,58.9900016784668,-0.015520636163178336
1145,2021-07-22,58.79999923706055,-0.0032209261908803244
1146,2021-07-23,59.400001525878906,0.010204120690535445
1147,2021-07-26,59.31999969482422,-0.0013468321380400994
1148,2021-07-27,59.54999923706055,0.00387726809540756
1149,2021-07-28,58.81999969482422,-0.012258598683272837
1150,2021-07-29,58.90999984741211,0.0015300944075966605
1151,2021-07-30,58.86000061035156,-0.0008487393853344738
1152,2021-08-02,59.369998931884766,0.008664599324579525
1153,2021-08-03,59.38999938964844,0.0003368781897170603
1154,2021-08-04,57.630001068115234,-0.02963459066544405
1155,2021-08-05,57.58000183105469,-0.000867590423978104
1156,2021-08-06,57.869998931884766,0.005036420486420834
1157,2021-08-09,58.34999847412109,0.008294445327384548
1158,2021-08-10,58.4900016784668,0.0023993694602717497
1159,2021-08-11,59.04999923706055,0.00957424418744579
1160,2021-08-12,58.95000076293945,-0.0016934542830330246
1161,2021-08-13,59.84000015258789,0.015097529739269477
1162,2021-08-16,60.130001068115234,0.004846271971722382
1163,2021-08-17,60.86000061035156,0.012140354719258672
1164,2021-08-18,59.27999877929688,-0.025961252303798754
1165,2021-08-19,60.130001068115234,0.014338770349556995
