,Date,Adj Close,daily_return
0,2017-01-03,28.920000076293945,
1,2017-01-04,29.15999984741211,0.008298747250519378
2,2017-01-05,28.530000686645508,-0.021604909604363787
3,2017-01-06,28.26000022888184,-0.00946373821470159
4,2017-01-09,27.780000686645508,-0.016985121668391612
5,2017-01-10,28.450000762939453,0.024118072704585325
6,2017-01-11,28.440000534057617,-0.000351501884487182
7,2017-01-12,28.11000061035156,-0.011603372626905362
8,2017-01-13,28.280000686645508,0.006047672451182651
9,2017-01-17,27.450000762939453,-0.029349360097363775
10,2017-01-18,27.520000457763672,0.0025500798862900798
11,2017-01-19,26.93000030517578,-0.021438958676377684
12,2017-01-20,27.170000076293945,0.00891198545853844
13,2017-01-23,27.200000762939453,0.0011041842679890834
14,2017-01-24,28.15999984741211,0.03529408299799286
15,2017-01-25,28.149999618530277,-0.0003551217661938999
16,2017-01-26,27.299999237060547,-0.030195395843281014
17,2017-01-27,26.809999465942383,-0.017948710066371554
18,2017-01-30,26.489999771118164,-0.011935833688871411
19,2017-01-31,26.86000061035156,0.01396756672066135
20,2017-02-01,27.18000030517578,0.011913614577540255
21,2017-02-02,27.3700008392334,0.00699045371318241
22,2017-02-03,27.38999938964844,0.0007306740884851504
23,2017-02-06,27.030000686645508,-0.013143435962944539
24,2017-02-07,26.989999771118164,-0.0014798710510987023
25,2017-02-08,26.799999237060547,-0.007039664159646852
26,2017-02-09,27.290000915527344,0.018283645239407065
27,2017-02-10,27.84000015258789,0.020153873895534025
28,2017-02-13,27.309999465942383,-0.01903738088148832
29,2017-02-14,26.989999771118164,-0.01171730871775678
30,2017-02-15,27.059999465942383,0.002593541882839334
31,2017-02-16,27.1200008392334,0.002217345693836137
32,2017-02-17,26.950000762939453,-0.006268439197391618
33,2017-02-21,28.209999084472656,0.04675318314891852
34,2017-02-22,27.600000381469727,-0.02162349247783868
35,2017-02-23,27.170000076293945,-0.015579720986688028
36,2017-02-24,26.809999465942383,-0.01324993041371636
37,2017-02-27,27.489999771118164,0.025363682160441936
38,2017-02-28,27.229999542236328,-0.009457993126467779
39,2017-03-01,28.399999618530277,0.0429673189850468
40,2017-03-02,27.65999984741211,-0.02605633031893906
41,2017-03-03,27.649999618530277,-0.0003615411763195908
42,2017-03-06,27.100000381469727,-0.019891473585842534
43,2017-03-07,26.940000534057617,-0.005904053326933223
44,2017-03-08,26.950000762939453,0.0003712037373271304
45,2017-03-09,26.90999984741211,-0.0014842639849699246
46,2017-03-10,27.799999237060547,0.03307318449256802
47,2017-03-13,28.350000381469727,0.01978421437062372
48,2017-03-14,28.06999969482422,-0.009876567297280259
49,2017-03-15,29.040000915527344,0.03455650984142977
50,2017-03-16,29.540000915527344,0.017217630311184173
51,2017-03-17,29.65999984741211,0.0040622521383095744
52,2017-03-20,28.729999542236328,-0.031355371205672
53,2017-03-21,28.600000381469727,-0.004524857738876342
54,2017-03-22,28.5,-0.0034965167879689174
55,2017-03-23,28.8799991607666,0.01333330388654752
56,2017-03-24,28.1200008392334,-0.02631573211974536
57,2017-03-27,28.51000022888184,0.013869110171017773
58,2017-03-28,28.959999084472656,0.015783895193902886
59,2017-03-29,29.549999237060547,0.020372934089774475
60,2017-03-30,30.61000061035156,0.03587145179894269
61,2017-03-31,30.920000076293945,0.01012739169425414
62,2017-04-03,30.34000015258789,-0.018758082867882497
63,2017-04-04,30.82999992370605,0.016150289012980323
64,2017-04-05,31.0,0.0055141121217854305
65,2017-04-06,31.21999931335449,0.007096752043693089
66,2017-04-07,30.979999542236328,-0.007687372722506747
67,2017-04-10,31.649999618530277,0.021626858818396988
68,2017-04-11,32.83000183105469,0.03728285076608806
69,2017-04-12,31.82999992370605,-0.030460001570962736
70,2017-04-13,30.76000022888184,-0.03361607594687133
71,2017-04-17,31.100000381469727,0.011053320873146477
72,2017-04-18,31.299999237060547,0.006430831290599848
73,2017-04-19,31.1200008392334,-0.005750747674588497
74,2017-04-20,32.0,0.02827760723120476
75,2017-04-21,32.5,0.015625
76,2017-04-24,33.349998474121094,0.026153799203725958
77,2017-04-25,33.400001525878906,0.0014993419503936956
78,2017-04-26,33.13999938964844,-0.007784494741086001
79,2017-04-27,34.459999084472656,0.03983101144040857
80,2017-04-28,32.709999084472656,-0.05078351847050788
81,2017-05-01,33.540000915527344,0.025374559898678983
82,2017-05-02,34.099998474121094,0.01669640856612209
83,2017-05-03,33.95000076293945,-0.004398760055531303
84,2017-05-04,33.369998931884766,-0.01708400053079906
85,2017-05-05,33.779998779296875,0.012286480687308643
86,2017-05-08,33.779998779296875,0.0
87,2017-05-09,33.61000061035156,-0.005032509623697834
88,2017-05-10,34.630001068115234,0.030348123750093547
89,2017-05-11,34.56999969482422,-0.001732641393022094
90,2017-05-12,34.52000045776367,-0.0014463187012417889
91,2017-05-15,34.77000045776367,0.0072421783512397475
92,2017-05-16,35.2400016784668,0.01351743498749891
93,2017-05-17,34.22999954223633,-0.028660672194224857
94,2017-05-18,34.13999938964844,-0.0026292770608086213
95,2017-05-19,34.4900016784668,0.01025197115042964
96,2017-05-22,34.189998626708984,-0.008698261442681043
97,2017-05-23,34.0,-0.005557140518881454
98,2017-05-24,34.06999969482422,0.002058814553653532
99,2017-05-25,33.7599983215332,-0.009098954390014513
100,2017-05-26,33.38999938964844,-0.010959684546215431
101,2017-05-30,32.91999816894531,-0.014076107496091672
102,2017-05-31,32.29999923706055,-0.018833504446231553
103,2017-06-01,32.400001525878906,0.0030960461665776595
104,2017-06-02,32.310001373291016,-0.0027777823564608672
105,2017-06-05,32.09000015258789,-0.0068090749412653695
106,2017-06-06,32.54999923706055,0.01433465510393761
107,2017-06-07,31.739999771118164,-0.02488477680270229
108,2017-06-08,31.88999938964844,0.004725885936104124
109,2017-06-09,32.220001220703125,0.010348129111655169
110,2017-06-12,32.18000030517578,-0.0012414932964571745
111,2017-06-13,32.5099983215332,0.010254754916964481
112,2017-06-14,32.189998626708984,-0.009843116313305478
113,2017-06-15,31.40999984741211,-0.024231090791339338
114,2017-06-16,31.420000076293945,0.0003183772343335889
115,2017-06-19,31.530000686645508,0.0035009742229299423
116,2017-06-20,31.290000915527344,-0.007611790862402823
117,2017-06-21,31.200000762939453,-0.0028763231049708793
118,2017-06-22,31.46999931335449,0.008653799481176616
119,2017-06-23,32.45000076293945,0.031140815728238458
120,2017-06-26,32.27000045776367,-0.005547004651579424
121,2017-06-27,32.47999954223633,0.006507563727726318
122,2017-06-28,33.5099983215332,0.03171178552381093
123,2017-06-29,33.75,0.007162091629010048
124,2017-06-30,34.439998626708984,0.020444403754340312
125,2017-07-03,34.16999816894531,-0.007839734858592018
126,2017-07-05,33.79999923706055,-0.010828181203153542
127,2017-07-06,33.5,-0.008875717273141515
128,2017-07-07,33.88999938964844,0.011641772825326413
129,2017-07-10,34.0099983215332,0.0035408360591890897
130,2017-07-11,34.189998626708984,0.005292570245785999
131,2017-07-12,34.470001220703125,0.008189605300990221
132,2017-07-13,34.47999954223633,0.00029005863589004477
133,2017-07-14,34.68000030517578,0.005800486241145819
134,2017-07-17,35.130001068115234,0.012975800431936468
135,2017-07-18,35.040000915527344,-0.0025619171605882896
136,2017-07-19,35.43000030517578,0.011130119276783867
137,2017-07-20,35.08000183105469,-0.009878590773536144
138,2017-07-21,34.939998626708984,-0.0039909691287919324
139,2017-07-24,35.29999923706055,0.010303395091617595
140,2017-07-25,35.45000076293945,0.004249335102574747
141,2017-07-26,34.529998779296875,-0.025952100531528854
142,2017-07-27,35.880001068115234,0.03909650554716437
143,2017-07-28,36.95000076293945,0.029821618254495474
144,2017-07-31,37.20000076293945,0.006765899724980429
145,2017-08-01,36.86000061035156,-0.009139788860612508
146,2017-08-02,36.72999954223633,-0.003526887302295001
147,2017-08-03,36.34999847412109,-0.010345795612610176
148,2017-08-04,36.720001220703125,0.010178893043020443
149,2017-08-07,36.47999954223633,-0.006535993205018742
150,2017-08-08,36.06999969482422,-0.011239031045968462
151,2017-08-09,35.16999816894531,-0.024951525741433556
152,2017-08-10,33.84000015258789,-0.03781626629516843
153,2017-08-11,33.7599983215332,-0.0023641202923744276
154,2017-08-14,34.15999984741211,0.01184838701913593
155,2017-08-15,34.15999984741211,0.0
156,2017-08-16,34.369998931884766,0.006147514209914995
157,2017-08-17,33.56999969482422,-0.02327609141466669
158,2017-08-18,34.0099983215332,0.013106899931751403
159,2017-08-21,33.7599983215332,-0.007350779545370223
160,2017-08-22,34.41999816894531,0.019549759485359308
161,2017-08-23,34.45000076293945,0.0008716616964032919
162,2017-08-24,34.310001373291016,-0.004063842860608791
163,2017-08-25,33.66999816894531,-0.018653546450858483
164,2017-08-28,33.58000183105469,-0.002672894053603825
165,2017-08-29,33.27000045776367,-0.00923172591981003
166,2017-08-30,33.040000915527344,-0.006913121102246844
167,2017-08-31,32.83000183105469,-0.006355904317604466
168,2017-09-01,33.43000030517578,0.018275919605753366
169,2017-09-05,32.47999954223633,-0.028417611554504507
170,2017-09-06,32.40999984741211,-0.002155163048361275
171,2017-09-07,32.43000030517578,0.0006171076167180711
172,2017-09-08,31.700000762939453,-0.022510007257687925
173,2017-09-11,32.439998626708984,0.02334378062964171
174,2017-09-12,32.7400016784668,0.009247936635570886
175,2017-09-13,32.459999084472656,-0.008552308480127557
176,2017-09-14,32.47999954223633,0.0006161570649347858
177,2017-09-15,32.68000030517578,0.006157659044279784
178,2017-09-18,33.119998931884766,0.013463850140763345
179,2017-09-19,33.36000061035156,0.007246427723635707
180,2017-09-20,34.029998779296875,0.020083877598533695
181,2017-09-21,34.79999923706055,0.02262710800425083
182,2017-09-22,35.849998474121094,0.03017239253104176
183,2017-09-25,35.90999984741211,0.0016736785451840763
184,2017-09-26,36.150001525878906,0.006683421873756812
185,2017-09-27,36.40999984741211,0.007192207760961633
186,2017-09-28,36.97999954223633,0.01565503150818426
187,2017-09-29,40.43999862670898,0.09356406509742787
188,2017-10-02,41.7599983215332,0.03264094311695698
189,2017-10-03,41.65999984741211,-0.0023945995723263502
190,2017-10-04,40.84999847412109,-0.019443143933216778
191,2017-10-05,40.900001525878906,0.0012240649602348608
192,2017-10-06,40.709999084472656,-0.004645536291386865
193,2017-10-09,40.61000061035156,-0.0024563614927526345
194,2017-10-10,40.560001373291016,-0.0012312050310041567
195,2017-10-11,41.040000915527344,0.01183430783985151
196,2017-10-12,41.09999847412109,0.0014619287830239802
197,2017-10-13,42.02999877929688,0.022627745491557105
198,2017-10-16,41.959999084472656,-0.001665469827677124
199,2017-10-17,41.40999984741211,-0.013107703743112653
200,2017-10-18,40.970001220703125,-0.010625419665063918
201,2017-10-19,40.72999954223633,-0.005857985631338436
202,2017-10-20,41.9900016784668,0.030935481227390316
203,2017-10-23,42.25,0.006191910243874332
204,2017-10-24,41.97999954223633,-0.006390543379021785
205,2017-10-25,47.0,0.11958076494767522
206,2017-10-26,48.56999969482422,0.03340424882604731
207,2017-10-27,48.470001220703125,-0.0020588526816842645
208,2017-10-30,47.7599983215332,-0.014648295467066252
209,2017-10-31,49.02999877929688,0.026591300301429976
210,2017-11-01,49.34000015258789,0.0063226877627806655
211,2017-11-02,49.34999847412109,0.00020264129514147022
212,2017-11-03,49.88999938964844,0.01094226813017074
213,2017-11-06,50.7400016784668,0.01703752854714846
214,2017-11-07,49.13999938964844,-0.031533351121219466
215,2017-11-08,49.34000015258789,0.004070019646389866
216,2017-11-09,48.70000076293945,-0.012971207694957188
217,2017-11-10,48.43999862670898,-0.005338852816370698
218,2017-11-13,48.709999084472656,0.005573915471063007
219,2017-11-14,48.380001068115234,-0.006774748974746281
220,2017-11-15,47.43999862670898,-0.019429566363233564
221,2017-11-16,47.310001373291016,-0.0027402457247284184
222,2017-11-17,47.2599983215332,-0.0010569234898826219
223,2017-11-20,47.56999969482422,0.006559487606874637
224,2017-11-21,48.88999938964844,0.027748574801185866
225,2017-11-22,48.220001220703125,-0.013704196713227423
226,2017-11-24,48.880001068115234,0.013687263183409959
227,2017-11-27,48.619998931884766,-0.005319192523505656
228,2017-11-28,48.900001525878906,0.005759000414344184
229,2017-11-29,48.2400016784668,-0.013496928973771527
230,2017-11-30,47.04999923706055,-0.0246683747927281
231,2017-12-01,46.72999954223633,-0.006801268863191767
232,2017-12-04,45.4900016784668,-0.0265353707664554
233,2017-12-05,45.869998931884766,0.008353423596329401
234,2017-12-06,45.56999969482422,-0.006540205887208161
235,2017-12-07,46.47999954223633,0.019969274819096938
236,2017-12-08,46.369998931884766,-0.002366622449116118
237,2017-12-11,47.18999862670898,0.017683841141095336
238,2017-12-12,47.459999084472656,0.005721561043039891
239,2017-12-13,48.119998931884766,0.013906444587944433
240,2017-12-14,46.54999923706055,-0.03262676079952953
241,2017-12-15,47.369998931884766,0.017615460972368435
242,2017-12-18,49.130001068115234,0.03715436301278463
243,2017-12-19,48.36000061035156,-0.01567271404484849
244,2017-12-20,48.7400016784668,0.007857755651762721
245,2017-12-21,49.63999938964844,0.01846527862511871
246,2017-12-22,48.720001220703125,-0.018533404114770446
247,2017-12-26,48.86000061035156,0.002873550618651244
248,2017-12-27,49.130001068115234,0.005526001931863922
249,2017-12-28,49.150001525878906,0.00040709255707005454
250,2017-12-29,48.16999816894531,-0.019939030040875827
251,2018-01-02,50.7400016784668,0.05335278404013599
252,2018-01-03,50.209999084472656,-0.01044545873988545
253,2018-01-04,50.79999923706055,0.011750650534672946
254,2018-01-05,52.720001220703125,0.037795315206262003
255,2018-01-08,51.77999877929688,-0.01783009141959402
256,2018-01-09,52.79999923706055,0.01969873468153671
257,2018-01-10,52.79999923706055,0.0
258,2018-01-11,52.7400016784668,-0.0011363174140281984
259,2018-01-12,51.59000015258789,-0.02180510977018868
260,2018-01-16,50.31999969482422,-0.024617182671203497
261,2018-01-17,51.04999923706055,0.014507145203965788
262,2018-01-18,49.86000061035156,-0.023310453369117523
263,2018-01-19,50.810001373291016,0.01905336444665462
264,2018-01-22,50.88999938964844,0.0015744541270465984
265,2018-01-23,50.900001525878906,0.00019654423954462708
266,2018-01-24,50.790000915527344,-0.0021611121228677366
267,2018-01-25,52.09000015258789,0.025595574200179216
268,2018-01-26,52.18000030517578,0.0017277817685592556
269,2018-01-29,51.15999984741211,-0.019547728091187766
270,2018-01-30,50.369998931884766,-0.01544176930968666
271,2018-01-31,50.2599983215332,-0.002183851750727994
272,2018-02-01,51.33000183105469,0.021289366200855087
273,2018-02-02,48.060001373291016,-0.06370544206342343
274,2018-02-05,45.5,-0.05326677694840265
275,2018-02-06,47.119998931884766,0.03560437212933554
276,2018-02-07,47.93999862670898,0.017402370827927616
277,2018-02-08,45.77999877929688,-0.04505631850829228
278,2018-02-09,46.59000015258789,0.017693346327857906
279,2018-02-12,47.88999938964844,0.02790296700585726
280,2018-02-13,48.790000915527344,0.018793099547907754
281,2018-02-14,49.9900016784668,0.02459521911092155
282,2018-02-15,50.11000061035156,0.0024004586488433066
283,2018-02-16,49.84999847412109,-0.00518862768037498
284,2018-02-20,50.790000915527344,0.018856619261367502
285,2018-02-21,43.09999847412109,-0.1514078027719684
286,2018-02-22,43.709999084472656,0.014153146912936343
287,2018-02-23,45.91999816894531,0.05056049258206752
288,2018-02-26,45.060001373291016,-0.018728153962251137
289,2018-02-27,44.470001220703125,-0.013093655894507061
290,2018-02-28,42.40999984741211,-0.046323393675374525
291,2018-03-01,42.43999862670898,0.0007073515539919306
292,2018-03-02,45.27999877929688,0.06691800764575406
293,2018-03-05,44.59999847412109,-0.015017674989132423
294,2018-03-06,45.2599983215332,0.014798203363057816
295,2018-03-07,45.790000915527344,0.011710177058092963
296,2018-03-08,45.11000061035156,-0.014850410386106683
297,2018-03-09,46.31999969482422,0.02682330011307954
298,2018-03-12,46.75,0.009283253627133004
299,2018-03-13,47.52999877929688,0.016684465867313092
300,2018-03-14,46.43999862670898,-0.02293288829333373
301,2018-03-15,46.27999877929688,-0.003445302587069321
302,2018-03-16,46.93999862670898,0.014261016958093453
303,2018-03-19,47.54999923706055,0.012995326548741692
304,2018-03-20,49.27000045776367,0.03617247630495335
305,2018-03-21,49.02000045776367,-0.00507408154408906
306,2018-03-22,48.02000045776367,-0.02039983661080569
307,2018-03-23,46.90999984741211,-0.02311538108642608
308,2018-03-26,48.380001068115234,0.03133662812800497
309,2018-03-27,47.369998931884766,-0.020876438898967065
310,2018-03-28,46.81999969482422,-0.011610708242814516
311,2018-03-29,47.709999084472656,0.019008957613189104
312,2018-04-02,45.970001220703125,-0.03647029757197828
313,2018-04-03,46.380001068115234,0.008918856570041989
314,2018-04-04,47.77999877929688,0.030185374707636603
315,2018-04-05,49.459999084472656,0.03516116258051727
316,2018-04-06,48.02999877929688,-0.028912259030443588
317,2018-04-09,48.54999923706055,0.010826576535075905
318,2018-04-10,50.09000015258789,0.031719895771940454
319,2018-04-11,50.119998931884766,0.0005988975684865228
320,2018-04-12,50.20000076293945,0.0015962057613652103
321,2018-04-13,50.58000183105469,0.007569742277688807
322,2018-04-16,50.97999954223633,0.007908218598285055
323,2018-04-17,51.97999954223633,0.019615535680252538
324,2018-04-18,52.810001373291016,0.015967715243634606
325,2018-04-19,52.7599983215332,-0.0009468481434863341
326,2018-04-20,51.68000030517578,-0.020470016124254475
327,2018-04-23,51.84999847412109,0.0032894382341610573
328,2018-04-24,50.560001373291016,-0.024879404798322624
329,2018-04-25,49.900001525878906,-0.013053794095835625
330,2018-04-26,48.20000076293945,-0.034068150520151885
331,2018-04-27,46.70000076293945,-0.031120331457615613
332,2018-04-30,45.66999816894531,-0.022055729703789217
333,2018-05-01,44.83000183105469,-0.018392738593578595
334,2018-05-02,46.220001220703125,0.0310060078713974
335,2018-05-03,46.119998931884766,-0.0021636150189794368
336,2018-05-04,47.02000045776367,0.01951434403127661
337,2018-05-07,47.130001068115234,0.0023394429876786305
338,2018-05-08,47.45000076293945,0.006789723903501299
339,2018-05-09,46.97999954223633,-0.009905188896650485
340,2018-05-10,47.56999969482422,0.012558538917342155
341,2018-05-11,47.06999969482422,-0.010510826218365521
342,2018-05-14,46.97999954223633,-0.0019120491432207398
343,2018-05-15,46.720001220703125,-0.005534234228747881
344,2018-05-16,48.02999877929688,0.028039330572903642
345,2018-05-17,48.95000076293945,0.019154736769202874
346,2018-05-18,50.08000183105469,0.023084801848885173
347,2018-05-21,50.59000015258789,0.01018367218223526
348,2018-05-22,49.72999954223633,-0.016999419010825356
349,2018-05-23,49.34000015258789,-0.007842336481769019
350,2018-05-24,49.08000183105469,-0.005269524133140191
351,2018-05-25,48.72999954223633,-0.007131260712319287
352,2018-05-29,49.11000061035156,0.0077980929957914835
353,2018-05-30,49.34999847412109,0.0048869448337767185
354,2018-05-31,48.52000045776367,-0.016818602675188754
355,2018-06-01,48.970001220703125,0.009274541605397868
356,2018-06-04,48.59000015258789,-0.0077598745893961985
357,2018-06-05,49.06999969482422,0.009878566386684051
358,2018-06-06,49.90999984741211,0.017118405498512512
359,2018-06-07,49.77999877929688,-0.0026047098479798914
360,2018-06-08,50.02000045776367,0.004821247174610299
361,2018-06-11,50.90999984741211,0.0177928704818775
362,2018-06-12,49.9900016784668,-0.018071069960768793
363,2018-06-13,49.560001373291016,-0.00860172615999344
364,2018-06-14,48.11000061035156,-0.029257480281687176
365,2018-06-15,48.310001373291016,0.004157155693247372
366,2018-06-18,48.310001373291016,0.0
367,2018-06-19,48.16999816894531,-0.002898016981285112
368,2018-06-20,48.38999938964844,0.004567183497319549
369,2018-06-21,47.13999938964844,-0.025831783752148563
370,2018-06-22,47.7599983215332,0.013152289773277204
371,2018-06-25,45.630001068115234,-0.044597934009089624
372,2018-06-26,45.93999862670898,0.0067937223611058695
373,2018-06-27,45.66999816894531,-0.005877241311162962
374,2018-06-28,45.720001220703125,0.0010948774635994862
375,2018-06-29,46.13999938964844,0.009186311411451209
376,2018-07-02,45.41999816894531,-0.015604708067349038
377,2018-07-03,45.650001525878906,0.005063922637734697
378,2018-07-05,46.18000030517578,0.011610049541759926
379,2018-07-06,46.81999969482422,0.013858800030729146
380,2018-07-09,48.0,0.025202911423902075
381,2018-07-10,48.619998931884766,0.012916644414265877
382,2018-07-11,47.290000915527344,-0.02735495774528318
383,2018-07-12,47.29999923706055,0.00021142569971743796
384,2018-07-13,47.900001525878906,0.012685038023177109
385,2018-07-16,47.45000076293945,-0.009394587653537623
386,2018-07-17,48.369998931884766,0.01938879144684602
387,2018-07-18,49.130001068115234,0.015712262828467605
388,2018-07-19,49.130001068115234,0.0
389,2018-07-20,48.2400016784668,-0.018115191742302583
390,2018-07-23,46.7400016784668,-0.0310945262812784
391,2018-07-24,46.290000915527344,-0.009627743833538815
392,2018-07-25,46.41999816894531,0.00280832255015917
393,2018-07-26,47.77999877929688,0.029297730805629474
394,2018-07-27,47.4900016784668,-0.006069424617811903
395,2018-07-30,46.06999969482422,-0.0299010725090465
396,2018-07-31,48.09000015258789,0.043846331042858955
397,2018-08-01,48.81999969482422,0.015179861508007209
398,2018-08-02,48.29999923706055,-0.010651381831507933
399,2018-08-03,47.810001373291016,-0.010144883468104826
400,2018-08-06,48.15999984741211,0.007320612090938372
401,2018-08-07,48.43999862670898,0.00581392815996673
402,2018-08-08,48.790000915527344,0.007225480981442045
403,2018-08-09,48.84999847412109,0.0012297101346159245
404,2018-08-10,48.16999816894531,-0.013920170448644242
405,2018-08-13,46.5099983215332,-0.034461281098455476
406,2018-08-14,47.13999938964844,0.013545497545708551
407,2018-08-15,45.560001373291016,-0.03351714121371785
408,2018-08-16,45.83000183105469,0.0059262609663124355
409,2018-08-17,46.13999938964844,0.006764074759074035
410,2018-08-20,46.27999877929688,0.003034230418300643
411,2018-08-21,46.41999816894531,0.0030250517143717293
412,2018-08-22,47.25,0.017880264192038586
413,2018-08-23,46.52999877929688,-0.015238121073081867
414,2018-08-24,48.150001525878906,0.03481630752379972
415,2018-08-27,49.2599983215332,0.023052892221773202
416,2018-08-28,47.77000045776367,-0.03024762311285345
417,2018-08-29,47.65999984741211,-0.002302713194420436
418,2018-08-30,46.90999984741211,-0.01573646668907247
419,2018-08-31,47.02999877929688,0.002558067198360714
420,2018-09-04,46.0099983215332,-0.021688294370373118
421,2018-09-05,46.09000015258789,0.0017387923054377197
422,2018-09-06,46.220001220703125,0.002820591618243551
423,2018-09-07,46.86000061035156,0.013846805987572486
424,2018-09-10,46.369998931884766,-0.010456715153318918
425,2018-09-11,46.90999984741211,0.011645480439207656
426,2018-09-12,46.77999877929688,-0.0027712869012597174
427,2018-09-13,47.630001068115234,0.01817020758868715
428,2018-09-14,47.56999969482422,-0.0012597390708685152
429,2018-09-17,46.88999938964844,-0.01429473007227633
430,2018-09-18,47.0,0.002345929020759252
431,2018-09-19,47.7599983215332,0.016170177053898005
432,2018-09-20,49.97999954223633,0.04648243925298057
433,2018-09-21,49.7400016784668,-0.004801878070581411
434,2018-09-24,49.0,-0.014877395526650239
435,2018-09-25,48.52999877929688,-0.009591861647002431
436,2018-09-26,47.79999923706055,-0.015042232857993776
437,2018-09-27,47.29999923706055,-0.010460251212981997
438,2018-09-28,47.150001525878906,-0.0031711990190501638
439,2018-10-01,46.20000076293945,-0.020148477883251692
440,2018-10-02,45.43000030517578,-0.01666667629974039
441,2018-10-03,45.84000015258789,0.00902487001228125
442,2018-10-04,45.18999862670898,-0.014179788911763747
443,2018-10-05,43.400001525878906,-0.03961047035244025
444,2018-10-08,42.84999847412109,-0.012672880931348773
445,2018-10-09,41.18999862670898,-0.03873978778353171
446,2018-10-10,38.09000015258789,-0.0752609511404777
447,2018-10-11,37.02999877929688,-0.02782886240600313
448,2018-10-12,37.59000015258789,0.015122910930369882
449,2018-10-15,37.06999969482422,-0.01383347846908356
450,2018-10-16,38.63999938964844,0.04235229856350453
451,2018-10-17,37.70000076293945,-0.024327086996818292
452,2018-10-18,36.77000045776367,-0.02466844260889267
453,2018-10-19,36.130001068115234,-0.017405476793060703
454,2018-10-22,36.060001373291016,-0.0019374396001884397
455,2018-10-23,35.220001220703125,-0.02329451249577774
456,2018-10-24,33.349998474121094,-0.053094908624898074
457,2018-10-25,29.520000457763672,-0.11484252448555343
458,2018-10-26,27.21999931335449,-0.07791331669184609
459,2018-10-29,27.100000381469727,-0.004408484015864356
460,2018-10-30,27.799999237060547,0.02583021570986621
461,2018-10-31,27.540000915527344,-0.009352457865775654
462,2018-11-01,28.959999084472656,0.051561297085676694
463,2018-11-02,28.65999984741211,-0.010359090004992355
464,2018-11-05,28.01000022888184,-0.02267967976241847
465,2018-11-06,27.950000762939453,-0.002142073025780289
466,2018-11-07,29.3799991607666,0.05116273197828547
467,2018-11-08,28.07999992370605,-0.04424776290656063
468,2018-11-09,27.5,-0.020655267994370452
469,2018-11-12,27.040000915527344,-0.016727239435369357
470,2018-11-13,26.82999992370605,-0.007766308606176997
471,2018-11-14,26.59000015258789,-0.008945202079784775
472,2018-11-15,26.899999618530277,0.011658498088132463
473,2018-11-16,26.149999618530277,-0.02788104128757518
474,2018-11-19,25.61000061035156,-0.020650057975376335
475,2018-11-20,24.559999465942383,-0.04099965323643007
476,2018-11-21,25.5,0.038273638212457106
477,2018-11-23,25.1299991607666,-0.014509836832682255
478,2018-11-26,25.6299991607666,0.01989653866684593
479,2018-11-27,25.149999618530277,-0.018728035815587907
480,2018-11-28,26.940000534057617,0.07117299970885416
481,2018-11-29,26.290000915527344,-0.02412767652727188
482,2018-11-30,26.200000762939453,-0.0034233605726021743
483,2018-12-03,26.56999969482422,0.01412209622559013
484,2018-12-04,24.38999938964844,-0.08204743433250539
485,2018-12-06,24.32999992370605,-0.002460002765225733
486,2018-12-07,23.93000030517578,-0.016440592675075583
487,2018-12-10,24.239999771118164,0.012954427997869056
488,2018-12-11,23.38999938964844,-0.035066022668964414
489,2018-12-12,23.709999084472656,0.0136810475918967
490,2018-12-13,23.21999931335449,-0.02066637663596793
491,2018-12-14,22.26000022888184,-0.04134363104483496
492,2018-12-17,21.82999992370605,-0.01931717433757585
493,2018-12-18,22.489999771118164,0.030233616569800947
494,2018-12-19,21.670000076293945,-0.03646063597907501
495,2018-12-20,21.38999938964844,-0.012921120704185607
496,2018-12-21,19.739999771118164,-0.07713883429696511
497,2018-12-24,19.940000534057617,0.010131751026262847
498,2018-12-26,21.530000686645508,0.07973922316963655
499,2018-12-27,22.040000915527344,0.02368788725576665
500,2018-12-28,22.13999938964844,0.004537135660944935
501,2018-12-31,21.84000015258789,-0.01355010141512536
502,2019-01-02,22.899999618530277,0.0485347737425168
503,2019-01-03,22.049999237060547,-0.037117921206510585
504,2019-01-04,23.729999542236328,0.07619049266687128
505,2019-01-07,24.309999465942383,0.024441632317511397
506,2019-01-08,25.270000457763672,0.039489963509305115
507,2019-01-09,25.51000022888184,0.009497418550478587
508,2019-01-10,25.81999969482422,0.012152076172520232
509,2019-01-11,25.649999618530277,-0.00658404640988508
510,2019-01-14,25.76000022888184,0.004288522884503099
511,2019-01-15,25.3700008392334,-0.015139727724504337
512,2019-01-16,25.530000686645508,0.006306655187991783
513,2019-01-17,25.8799991607666,0.013709301398655116
514,2019-01-18,26.34000015258789,0.017774382022339497
515,2019-01-22,26.34000015258789,0.0
516,2019-01-23,25.520000457763672,-0.031131347383217656
517,2019-01-24,26.290000915527344,0.03017243118933499
518,2019-01-25,27.3700008392334,0.041080254320880805
519,2019-01-28,27.299999237060547,-0.0025576032161646056
520,2019-01-29,27.690000534057617,0.014285762194001572
521,2019-01-30,28.489999771118164,0.028891268386816327
522,2019-01-31,28.200000762939453,-0.010178975447823535
523,2019-02-01,28.6299991607666,0.015248169723181437
524,2019-02-04,28.82999992370605,0.00698570621034178
525,2019-02-05,28.440000534057617,-0.01352755430733621
526,2019-02-06,28.850000381469727,0.014416309413255002
527,2019-02-07,27.690000534057617,-0.040207966449704924
528,2019-02-08,27.0,-0.024918762035014863
529,2019-02-11,27.709999084472656,0.02629626238787619
530,2019-02-12,28.3700008392334,0.02381818031638172
531,2019-02-13,28.190000534057617,-0.006344740918260983
532,2019-02-14,28.350000381469727,0.0056757660298305534
533,2019-02-15,29.15999984741211,0.028571409348968402
534,2019-02-19,36.369998931884766,0.24725648567218794
535,2019-02-20,35.0099983215332,-0.03739347402507842
536,2019-02-21,34.540000915527344,-0.013424662340437266
537,2019-02-22,35.779998779296875,0.03590034252755614
538,2019-02-25,35.81999969482422,0.001117968610733655
539,2019-02-26,35.61000061035156,-0.005862621057001305
540,2019-02-27,36.2400016784668,0.017691689337744565
541,2019-02-28,35.58000183105469,-0.018211915475828233
542,2019-03-01,35.66999816894531,0.0025294079049786866
543,2019-03-04,36.04999923706055,0.010653240471597991
544,2019-03-05,35.18000030517578,-0.02413311928701456
545,2019-03-06,35.540000915527344,0.010233104241860858
546,2019-03-07,34.599998474121094,-0.02644913948202976
547,2019-03-08,34.5,-0.0028901294373144815
548,2019-03-11,34.900001525878906,0.011594247126924806
549,2019-03-12,35.04999923706055,0.004297928499241266
550,2019-03-13,33.959999084472656,-0.03109843584348404
551,2019-03-14,32.810001373291016,-0.03386330218446465
552,2019-03-15,32.939998626708984,0.003962122766742571
553,2019-03-18,33.08000183105469,0.00425024924658568
554,2019-03-19,32.75,-0.009975871003274572
555,2019-03-20,32.630001068115234,-0.0036640895231989656
556,2019-03-21,33.220001220703125,0.01808152415797548
557,2019-03-22,30.520000457763672,-0.08127635953417056
558,2019-03-25,30.88999938964844,0.012123162723958858
559,2019-03-26,30.770000457763672,-0.00388471784576927
560,2019-03-27,31.11000061035156,0.011049728551502103
561,2019-03-28,31.84000015258789,0.02346510857969686
562,2019-03-29,32.18000030517578,0.010678396700957826
563,2019-04-01,33.43000030517578,0.03884400211764305
564,2019-04-02,33.31999969482422,-0.00329047590031073
565,2019-04-03,34.029998779296875,0.021308496127715904
566,2019-04-04,34.79999923706055,0.02262710800425083
567,2019-04-05,34.900001525878906,0.0028736290520334773
568,2019-04-08,35.150001525878906,0.007163323469044025
569,2019-04-09,34.06999969482422,-0.030725513063194154
570,2019-04-10,34.29999923706055,0.006750793786219678
571,2019-04-11,35.099998474121094,0.023323593436006984
572,2019-04-12,35.709999084472656,0.017378935523353567
573,2019-04-15,35.2400016784668,-0.01316150708640662
574,2019-04-16,36.290000915527344,0.029795663650667326
575,2019-04-17,36.40999984741211,0.0033066665433294506
576,2019-04-18,36.4900016784668,0.0021972488709134375
577,2019-04-22,36.13999938964844,-0.009591731233734135
578,2019-04-23,36.56999969482422,0.011898182413886405
579,2019-04-24,36.36000061035156,-0.005742386825952739
580,2019-04-25,32.90999984741211,-0.09488450783901392
581,2019-04-26,33.15999984741211,0.007596475270712055
582,2019-04-29,32.84000015258789,-0.00965017178216887
583,2019-04-30,32.81999969482422,-0.0006090273346754937
584,2019-05-01,32.06999969482422,-0.022851919773731022
585,2019-05-02,31.739999771118164,-0.010289988364400093
586,2019-05-03,33.04999923706055,0.04127282531156218
587,2019-05-06,31.920000076293945,-0.03419059566874294
588,2019-05-07,30.71999931335449,-0.0375940087741623
589,2019-05-08,30.149999618530277,-0.018554677980621714
590,2019-05-09,29.96999931335449,-0.005970159451184842
591,2019-05-10,29.979999542236328,0.00033367464501021793
592,2019-05-13,28.56999969482422,-0.04703134986462154
593,2019-05-14,29.1299991607666,0.01960096156542246
594,2019-05-15,29.1299991607666,0.0
595,2019-05-16,29.09000015258789,-0.0013731208146611218
596,2019-05-17,28.09000015258789,-0.03437607407200505
597,2019-05-20,27.399999618530277,-0.024563920623334123
598,2019-05-21,28.26000022888184,0.03138688402644929
599,2019-05-22,27.670000076293945,-0.02087757069389229
600,2019-05-23,26.600000381469727,-0.03867002861850122
601,2019-05-24,26.549999237060547,-0.0018797422440645084
602,2019-05-28,26.209999084472656,-0.012806032480531804
603,2019-05-29,26.299999237060547,0.003433809833332191
604,2019-05-30,25.5,-0.030418222823871077
605,2019-05-31,24.46999931335449,-0.040392183790020075
606,2019-06-03,24.88999938964844,0.01716387773107697
607,2019-06-04,26.950000762939453,0.08276421951813107
608,2019-06-05,25.899999618530277,-0.03896108032223489
609,2019-06-06,25.170000076293945,-0.02818531092618437
610,2019-06-07,25.51000022888184,0.013508150637954186
611,2019-06-10,25.940000534057617,0.016856146660827687
612,2019-06-11,26.020000457763672,0.0030840370878566503
613,2019-06-12,25.71999931335449,-0.011529636400128163
614,2019-06-13,26.709999084472656,0.038491438473877926
615,2019-06-14,26.01000022888184,-0.0262073710065287
616,2019-06-17,25.950000762939453,-0.0023067845218918137
617,2019-06-18,27.149999618530277,0.046242729106374725
618,2019-06-19,27.18000030517578,0.0011049976820267648
619,2019-06-20,28.1200008392334,0.03458427238790773
620,2019-06-21,28.0,-0.004267455037411327
621,2019-06-24,27.549999237060547,-0.016071455819266167
622,2019-06-25,28.21999931335449,0.024319422680515013
623,2019-06-26,28.709999084472656,0.01736356424666119
624,2019-06-27,30.21999931335449,0.052594924313267954
625,2019-06-28,31.06999969482422,0.02812708142895648
626,2019-07-01,31.46999931335449,0.01287414298227052
627,2019-07-02,31.280000686645508,-0.0060374525215942665
628,2019-07-03,31.46999931335449,0.006074124761451749
629,2019-07-05,31.690000534057617,0.00699082381643934
630,2019-07-08,30.780000686645508,-0.028715677881864354
631,2019-07-09,30.25,-0.01721899528337112
632,2019-07-10,29.799999237060547,-0.01487605827899019
633,2019-07-11,28.940000534057617,-0.028859017618141358
634,2019-07-12,30.09000015258789,0.03973737378397457
635,2019-07-15,29.780000686645508,-0.010302408254249218
636,2019-07-16,30.729999542236328,0.03190056526818141
637,2019-07-17,29.700000762939453,-0.033517695888059196
638,2019-07-18,29.81999969482422,0.004040367973138448
639,2019-07-19,30.01000022888184,0.006371580684174205
640,2019-07-22,29.059999465942383,-0.03165613980986137
641,2019-07-23,30.21999931335449,0.039917407733320864
642,2019-07-24,31.049999237060547,0.027465252897582726
643,2019-07-25,32.29999923706055,0.04025764994248471
644,2019-07-26,31.690000534057617,-0.01888540920778181
645,2019-07-29,30.71999931335449,-0.03060906293329524
646,2019-07-30,31.049999237060547,0.010742185256579884
647,2019-07-31,30.670000076293945,-0.012238298554063887
648,2019-08-01,29.209999084472656,-0.047603553576440416
649,2019-08-02,28.459999084472656,-0.025676139113564145
650,2019-08-05,26.90999984741211,-0.05446237831772116
651,2019-08-06,27.18000030517578,0.01003346188385934
652,2019-08-07,27.530000686645508,0.012877129416480448
653,2019-08-08,28.63999938964844,0.04031960317172745
654,2019-08-09,28.059999465942383,-0.02025139441573076
655,2019-08-12,27.280000686645508,-0.02779753364726867
656,2019-08-13,27.780000686645508,0.018328445286468265
657,2019-08-14,26.11000061035156,-0.06011519204521676
658,2019-08-15,26.0,-0.004212968509389792
659,2019-08-16,27.600000381469727,0.061538476210374116
660,2019-08-19,28.36000061035156,0.027536239796289497
661,2019-08-20,28.209999084472656,-0.005289193323365082
662,2019-08-21,28.38999938964844,0.006380727083215687
663,2019-08-22,28.229999542236328,-0.005635781995488642
664,2019-08-23,26.51000022888184,-0.0609280673483934
665,2019-08-26,26.32999992370605,-0.006789902060418851
666,2019-08-27,26.01000022888184,-0.012153425588736999
667,2019-08-28,26.520000457763672,0.019607851764473327
668,2019-08-29,27.559999465942383,0.039215648198612785
669,2019-08-30,27.440000534057617,-0.004354097757986342
670,2019-09-03,25.989999771118164,-0.05284259237312183
671,2019-09-04,27.420000076293945,0.05502117421197106
672,2019-09-05,29.309999465942383,0.06892776748321183
673,2019-09-06,29.170000076293945,-0.004776506045696571
674,2019-09-09,30.6299991607666,0.05005139117771806
675,2019-09-10,32.58000183105469,0.06366316433941699
676,2019-09-11,33.68000030517578,0.033762996080392904
677,2019-09-12,34.060001373291016,0.011282691943943934
678,2019-09-13,34.29999923706055,0.007046325722045665
679,2019-09-16,34.09000015258789,-0.006122422424014395
680,2019-09-17,33.91999816894531,-0.004986857814069934
681,2019-09-18,33.45000076293945,-0.013856056349559442
682,2019-09-19,33.09000015258789,-0.010762349839776975
683,2019-09-20,32.29999923706055,-0.023874309818205264
684,2019-09-23,32.13999938964844,-0.004953555764438788
685,2019-09-24,31.200000762939453,-0.02924700200871
686,2019-09-25,33.040000915527344,0.05897436242288534
687,2019-09-26,32.400001525878906,-0.019370441038567443
688,2019-09-27,32.09000015258789,-0.0095679431694905
689,2019-09-30,32.290000915527344,0.006232494920175968
690,2019-10-01,31.90999984741211,-0.01176838207931119
691,2019-10-02,32.040000915527344,0.004073991499118579
692,2019-10-03,31.76000022888184,-0.008739097335974444
693,2019-10-04,31.989999771118164,0.00724179913661227
694,2019-10-07,31.56999969482422,-0.013129105323506085
695,2019-10-08,29.989999771118164,-0.05004751152927911
696,2019-10-09,30.06999969482422,0.002667553328329797
697,2019-10-10,20.420000076293945,-0.3209178489014509
698,2019-10-11,21.46999931335449,0.05142013874326623
699,2019-10-14,21.559999465942383,0.004191902909466583
700,2019-10-15,22.11000061035156,0.02551025779374405
701,2019-10-16,22.34000015258789,0.010402511799509018
702,2019-10-17,22.38999938964844,0.0022381037027323636
703,2019-10-18,21.90999984741211,-0.021438122167088958
704,2019-10-21,22.06999969482422,0.007302594638356696
705,2019-10-22,21.959999084472656,-0.004984169092551394
706,2019-10-23,21.450000762939453,-0.023223968251155802
707,2019-10-24,21.989999771118164,0.02517477804064705
708,2019-10-25,22.93000030517578,0.04274672777815214
709,2019-10-28,22.790000915527344,-0.006105511896431937
710,2019-10-29,23.309999465942383,0.022816960488174054
711,2019-10-30,24.040000915527344,0.03131709422179729
712,2019-10-31,22.420000076293945,-0.06738771953153488
713,2019-11-01,23.739999771118164,0.058875989756125735
714,2019-11-04,24.739999771118164,0.04212299956365584
715,2019-11-05,25.420000076293945,0.027485865459450087
716,2019-11-06,24.57999992370605,-0.033044852480990206
717,2019-11-07,24.65999984741211,0.0032546755066871214
718,2019-11-08,24.770000457763672,0.0044606898228796155
719,2019-11-11,24.38999938964844,-0.01534118131177209
720,2019-11-12,24.31999969482422,-0.0028700162597762313
721,2019-11-13,23.6299991607666,-0.028371732841940056
722,2019-11-14,23.299999237060547,-0.013965295616851336
723,2019-11-15,22.76000022888184,-0.02317592385667533
724,2019-11-18,22.670000076293945,-0.003954312464095944
725,2019-11-19,22.709999084472656,0.0017644026486147713
726,2019-11-20,22.049999237060547,-0.029062081638892123
727,2019-11-21,21.989999771118164,-0.0027210643092240305
728,2019-11-22,22.270000457763672,0.012733091839921773
729,2019-11-25,23.15999984741211,0.0399640490055837
730,2019-11-26,22.96999931335449,-0.008203822768109825
731,2019-11-27,22.920000076293945,-0.002176719136054772
732,2019-11-29,22.530000686645508,-0.017015680119993215
733,2019-12-02,22.350000381469727,-0.007989360838434156
734,2019-12-03,21.84000015258789,-0.022818801797635513
735,2019-12-04,22.32999992370605,0.022435886799208493
736,2019-12-05,22.36000061035156,0.0013435148566058874
737,2019-12-06,22.989999771118164,0.028175274757145985
738,2019-12-09,23.790000915527344,0.03479778827202096
739,2019-12-10,23.57999992370605,-0.008827279686409284
740,2019-12-11,23.81999969482422,0.010178107374668954
741,2019-12-12,24.670000076293945,0.03568431538034078
742,2019-12-13,24.01000022888184,-0.0267531351994732
743,2019-12-16,24.11000061035156,0.00416494712688209
744,2019-12-17,24.59000015258789,0.019908732064911172
745,2019-12-18,24.61000061035156,0.0008133573663910987
746,2019-12-19,24.850000381469727,0.009752123736934015
747,2019-12-20,24.56999969482422,-0.011267633092444496
748,2019-12-23,25.299999237060547,0.029711011449060187
749,2019-12-24,25.25,-0.0019762544888659583
750,2019-12-26,24.76000022888184,-0.019405931529432152
751,2019-12-27,24.75,-0.0004038864616072724
752,2019-12-30,24.739999771118164,-0.00040404965179130503
753,2019-12-31,25.31999969482422,0.023443812816164922
754,2020-01-02,25.25,-0.0027646009347515044
755,2020-01-03,24.309999465942383,-0.03722774392307393
756,2020-01-06,23.75,-0.023035766279095427
757,2020-01-07,24.0,0.010526315789473717
758,2020-01-08,24.3700008392334,0.015416701634724861
759,2020-01-09,23.51000022888184,-0.03528931394072987
760,2020-01-10,22.86000061035156,-0.02764779294777553
761,2020-01-13,23.739999771118164,0.03849515036181228
762,2020-01-14,23.61000061035156,-0.005475954592247367
763,2020-01-15,23.899999618530277,0.012282888635401834
764,2020-01-16,23.920000076293945,0.0008368392503304012
765,2020-01-17,23.56999969482422,-0.01463212292447258
766,2020-01-21,22.290000915527344,-0.05430627050784187
767,2020-01-22,21.420000076293945,-0.03903099163299495
768,2020-01-23,20.989999771118164,-0.020074710721017852
769,2020-01-24,20.07999992370605,-0.04335397128799667
770,2020-01-27,18.989999771118164,-0.05428287633114248
771,2020-01-28,19.1299991607666,0.007372269159337419
772,2020-01-29,18.809999465942383,-0.016727637682311114
773,2020-01-30,17.670000076293945,-0.06060602987855124
774,2020-01-31,16.450000762939453,-0.06904353752613968
775,2020-02-03,16.799999237060547,0.02127650199929554
776,2020-02-04,17.020000457763672,0.013095311350836525
777,2020-02-05,18.040000915527344,0.05992951999589402
778,2020-02-06,17.530000686645508,-0.028270521230565504
779,2020-02-07,16.489999771118164,-0.05932691812839597
780,2020-02-10,16.100000381469727,-0.023650660707194904
781,2020-02-11,16.799999237060547,0.04347818875808751
782,2020-02-12,17.1200008392334,0.01904771528006588
783,2020-02-13,16.899999618530273,-0.012850537962530661
784,2020-02-14,16.350000381469727,-0.03254433428847481
785,2020-02-18,15.850000381469728,-0.03058103904185061
786,2020-02-19,16.389999389648438,0.03406933723547567
787,2020-02-20,16.149999618530273,-0.014643061626331888
788,2020-02-21,15.949999809265137,-0.012383889411096916
789,2020-02-24,14.890000343322754,-0.06645764756226791
790,2020-02-25,13.260000228881836,-0.10946944774060208
791,2020-02-26,12.449999809265137,-0.061086003441570336
792,2020-02-27,10.31999969482422,-0.17108434916246318
793,2020-02-28,10.119999885559082,-0.019379827052266707
794,2020-03-02,10.3100004196167,0.018774756542116355
795,2020-03-03,10.5,0.018428668540283688
796,2020-03-04,10.699999809265137,0.019047600882393878
797,2020-03-05,10.4399995803833,-0.024299087244534445
798,2020-03-06,9.619999885559082,-0.07854403522821907
799,2020-03-09,7.809999942779541,-0.18814968443987146
800,2020-03-10,7.820000171661377,0.0012804390467482385
801,2020-03-11,7.349999904632568,-0.06010233461784642
802,2020-03-12,5.699999809265137,-0.22448981180631955
803,2020-03-13,6.840000152587891,0.20000006692451566
804,2020-03-16,8.149999618530273,0.1915203854851888
805,2020-03-17,7.21999979019165,-0.1141104137261707
806,2020-03-18,6.460000038146973,-0.1052631266107702
807,2020-03-19,5.659999847412109,-0.1238390380821639
808,2020-03-20,6.050000190734863,0.06890465615490626
809,2020-03-23,4.659999847412109,-0.22975211562000253
810,2020-03-24,4.860000133514404,0.04291851773629629
811,2020-03-25,6.019999980926514,0.2386830896182055
812,2020-03-26,7.059999942779541,0.17275746929370683
813,2020-03-27,6.659999847412109,-0.05665723776336895
814,2020-03-30,8.649999618530273,0.2987987712779636
815,2020-03-31,8.100000381469727,-0.06358372963188608
816,2020-04-01,7.650000095367432,-0.055555588260434496
817,2020-04-02,8.739999771118164,0.14248361596894576
818,2020-04-03,7.920000076293945,-0.09382147783732853
819,2020-04-06,9.039999961853027,0.14141412560227784
820,2020-04-07,9.06999969482422,0.0033185545462153243
821,2020-04-08,9.84000015258789,0.08489531242245452
822,2020-04-09,10.760000228881836,0.09349594126296723
823,2020-04-13,9.470000267028809,-0.11988846974096046
824,2020-04-14,10.210000038146973,0.07814147309948671
825,2020-04-15,9.489999771118164,-0.07051912481280287
826,2020-04-16,8.550000190734863,-0.09905159147043319
827,2020-04-17,9.899999618530272,0.1578946663952503
828,2020-04-20,8.710000038146973,-0.12020198244815317
829,2020-04-21,8.770000457763672,0.006888681900564464
830,2020-04-22,8.899999618530273,0.014823164650067833
831,2020-04-23,9.649999618530272,0.08426966653329493
832,2020-04-24,9.8100004196167,0.016580394550398614
833,2020-04-27,10.31999969482422,0.05198769147733118
834,2020-04-28,10.81999969482422,0.048449613835818583
835,2020-04-29,13.300000190734863,0.2292052278982002
836,2020-04-30,15.609999656677246,0.17368416788080876
837,2020-05-01,13.899999618530272,-0.10954516820988613
838,2020-05-04,14.399999618530272,0.035971224008772174
839,2020-05-05,14.5600004196167,0.011111167036458536
840,2020-05-06,13.779999732971191,-0.05357147418722685
841,2020-05-07,13.359999656677246,-0.030478961134448923
842,2020-05-08,14.649999618530272,0.09655688585353306
843,2020-05-11,14.25,-0.027303728938281036
844,2020-05-12,12.520000457763672,-0.12140347664816342
845,2020-05-13,11.350000381469728,-0.09345048191020033
846,2020-05-14,11.31999969482422,-0.0026432322147308396
847,2020-05-15,10.979999542236328,-0.030035349978264514
848,2020-05-18,13.270000457763672,0.20856111211284567
849,2020-05-19,12.520000457763672,-0.05651846074814637
850,2020-05-20,13.75,0.09824277134699333
851,2020-05-21,13.899999618530272,0.010909063165837951
852,2020-05-22,14.34000015258789,0.03165471554913202
853,2020-05-26,16.139999389648438,0.1255229580130588
854,2020-05-27,17.829999923706055,0.10470883506609785
855,2020-05-28,15.970000267028809,-0.10431854540864383
856,2020-05-29,15.25,-0.045084549467121815
857,2020-06-01,15.380000114440918,0.008524597668256861
858,2020-06-02,16.190000534057617,0.052665826631311585
859,2020-06-03,17.239999771118164,0.06485479940854533
860,2020-06-04,17.56999969482422,0.019141527151229853
861,2020-06-05,18.239999771118164,0.03813318656410192
862,2020-06-08,19.11000061035156,0.04769741503017899
863,2020-06-09,19.309999465942383,0.010465664531820407
864,2020-06-10,17.270000457763672,-0.10564469521486619
865,2020-06-11,14.699999809265137,-0.14881300407512144
866,2020-06-12,15.989999771118164,0.08775510058442082
867,2020-06-15,16.360000610351562,0.02313951497996336
868,2020-06-16,17.200000762939453,0.051344750687624785
869,2020-06-17,15.869999885559082,-0.07732562897590689
870,2020-06-18,15.609999656677246,-0.01638312733186742
871,2020-06-19,15.970000267028809,0.023062179261328142
872,2020-06-22,16.18000030517578,0.01314965777305166
873,2020-06-23,16.219999313354492,0.0024721265404374915
874,2020-06-24,15.43000030517578,-0.04870524300998458
875,2020-06-25,16.75,0.0855476130082411
876,2020-06-26,16.110000610351562,-0.03820891878498134
877,2020-06-29,17.149999618530273,0.06455611227664715
878,2020-06-30,17.280000686645508,0.007580237376493715
879,2020-07-01,16.3700008392334,-0.05266202611411841
880,2020-07-02,16.739999771118164,0.022602254912412745
881,2020-07-06,16.959999084472656,0.0131421335939359
882,2020-07-07,16.479999542236328,-0.028301861329449007
883,2020-07-08,16.350000381469727,-0.007888298809319072
884,2020-07-09,15.199999809265137,-0.07033642479347846
885,2020-07-10,16.3700008392334,0.07697375293748943
886,2020-07-13,16.899999618530273,0.032376221876949884
887,2020-07-14,18.149999618530277,0.07396449871095978
888,2020-07-15,19.0,0.046831977924777224
889,2020-07-16,18.84000015258789,-0.008421044600637306
890,2020-07-17,18.65999984741211,-0.009554156248297918
891,2020-07-20,17.950000762939453,-0.03804925457012387
892,2020-07-21,18.479999542236328,0.029526393134820417
893,2020-07-22,18.07999992370605,-0.021645001538883823
894,2020-07-23,18.26000022888184,0.009955769133592529
895,2020-07-24,17.600000381469727,-0.036144569503793966
896,2020-07-27,17.969999313354492,0.021022666128707623
897,2020-07-28,17.350000381469727,-0.03450188957013545
898,2020-07-29,18.36000061035156,0.05821326839626706
899,2020-07-30,14.010000228881836,-0.23692811747604992
900,2020-07-31,13.149999618530272,-0.06138476775886548
901,2020-08-03,13.649999618530272,0.038022814791220716
902,2020-08-04,13.550000190734863,-0.00732596561099208
903,2020-08-05,14.079999923706056,0.03911437088639991
904,2020-08-06,14.15999984741211,0.005681812794001484
905,2020-08-07,15.050000190734863,0.06285313226789402
906,2020-08-10,15.670000076293944,0.04119600516289479
907,2020-08-11,15.93000030517578,0.016592228948050458
908,2020-08-12,15.710000038146973,-0.013810437088147887
909,2020-08-13,15.40999984741211,-0.01909612921746684
910,2020-08-14,15.260000228881836,-0.00973391434234594
911,2020-08-17,15.050000190734863,-0.013761470183304203
912,2020-08-18,14.380000114440918,-0.04451827693041577
913,2020-08-19,13.979999542236328,-0.0278164512532163
914,2020-08-20,13.880000114440918,-0.007153035126595819
915,2020-08-21,13.449999809265137,-0.030979848820635314
916,2020-08-24,14.729999542236328,0.0951672677414801
917,2020-08-25,14.539999961853027,-0.012898817806375473
918,2020-08-26,14.289999961853027,-0.017193947775508756
919,2020-08-27,14.15999984741211,-0.009097278851501134
920,2020-08-28,14.800000190734863,0.0451977648460018
921,2020-08-31,14.039999961853027,-0.05135136615455005
922,2020-09-01,14.359999656677246,0.022792001117782457
923,2020-09-02,14.84000015258789,0.033426219177341565
924,2020-09-03,14.68000030517578,-0.010781660765967649
925,2020-09-04,14.649999618530272,-0.002043643461978051
926,2020-09-08,14.010000228881836,-0.04368596630124977
927,2020-09-09,14.529999732971191,0.03711630946424749
928,2020-09-10,16.799999237060547,0.15622846151458059
929,2020-09-11,17.239999771118164,0.026190509169011333
930,2020-09-14,17.610000610351562,0.021461765901717333
931,2020-09-15,17.34000015258789,-0.015332223078116214
932,2020-09-16,17.8700008392334,0.030565206573334835
933,2020-09-17,18.959999084472656,0.06099598175989884
934,2020-09-18,19.21999931335449,0.01371309290277134
935,2020-09-21,17.579999923706055,-0.08532775485111099
936,2020-09-22,17.59000015258789,0.0005688412357927053
937,2020-09-23,16.15999984741211,-0.08129620766179446
938,2020-09-24,16.239999771118164,0.0049504903750889895
939,2020-09-25,16.059999465942383,-0.011083762790187968
940,2020-09-28,17.100000381469727,0.06475721980768556
941,2020-09-29,17.5,0.02339179003549785
942,2020-09-30,17.81999969482422,0.018285696847098132
943,2020-10-01,17.639999389648438,-0.010101027399459617
944,2020-10-02,19.01000022888184,0.07766444935578343
945,2020-10-05,20.31999969482422,0.06891107049815282
946,2020-10-06,21.25,0.045767732241288606
947,2020-10-07,23.21999931335449,0.09270585004021115
948,2020-10-08,24.940000534057617,0.07407412883573627
949,2020-10-09,25.32999992370605,0.015637505264519014
950,2020-10-12,25.459999084472656,0.00513222112744427
951,2020-10-13,25.739999771118164,0.010997670727186826
952,2020-10-14,25.96999931335449,0.008935491230827264
953,2020-10-15,28.96999931335449,0.1155179083296054
954,2020-10-16,29.5,0.018294811846998993
955,2020-10-19,29.93000030517578,0.014576281531382351
956,2020-10-20,30.34000015258789,0.013698624899151968
957,2020-10-21,29.88999938964844,-0.014831930147537142
958,2020-10-22,29.76000022888184,-0.004349252707299245
959,2020-10-23,30.56999969482422,0.02721772378066989
960,2020-10-26,27.530000686645508,-0.09944386779609327
961,2020-10-27,27.420000076293945,-0.003995663189537146
962,2020-10-28,26.40999984741211,-0.03683443567000699
963,2020-10-29,29.43000030517578,0.11435064275699336
964,2020-10-30,28.299999237060547,-0.038396230254761576
965,2020-11-02,28.440000534057617,0.0049470424300834814
966,2020-11-03,28.440000534057617,0.0
967,2020-11-04,26.11000061035156,-0.08192685935135002
968,2020-11-05,26.920000076293945,0.031022575526913343
969,2020-11-06,26.81999969482422,-0.0037147244125674828
970,2020-11-09,26.479999542236328,-0.012677112470419027
971,2020-11-10,25.989999771118164,-0.018504523398370942
972,2020-11-11,25.21999931335449,-0.02962679740456753
973,2020-11-12,25.57999992370605,0.014274409998137338
974,2020-11-13,26.959999084472656,0.05394836453801943
975,2020-11-16,28.36000061035156,0.051928841744109056
976,2020-11-17,27.26000022888184,-0.03878703659365268
977,2020-11-18,25.459999084472656,-0.0660308558068936
978,2020-11-19,24.81999969482422,-0.025137447472995178
979,2020-11-20,25.8700008392334,0.04230463969861131
980,2020-11-23,28.899999618530277,0.11712403096260071
981,2020-11-24,30.18000030517578,0.044290681783427654
982,2020-11-25,29.18000030517578,-0.033134525841224116
983,2020-11-27,28.43000030517578,-0.025702535714743235
984,2020-11-30,27.0,-0.050298990145119515
985,2020-12-01,27.649999618530277,0.024074059945565773
986,2020-12-02,28.520000457763672,0.031464768579972935
987,2020-12-03,27.86000061035156,-0.023141649257317876
988,2020-12-04,28.96999931335449,0.03984202005331272
989,2020-12-07,28.309999465942383,-0.02278218374371388
990,2020-12-08,29.75,0.050865438404192664
991,2020-12-09,28.940000534057617,-0.027226872804785973
992,2020-12-10,28.90999984741211,-0.0010366512125734584
993,2020-12-11,27.809999465942383,-0.038049131348168896
994,2020-12-14,26.25,-0.05609491175477521
995,2020-12-15,27.729999542236328,0.056380934942336314
996,2020-12-16,26.57999992370605,-0.041471317616817105
997,2020-12-17,27.790000915527344,0.0455229870313929
998,2020-12-18,26.690000534057617,-0.0395825960860301
999,2020-12-21,26.530000686645508,-0.005994748752737644
1000,2020-12-22,25.940000534057617,-0.022238979921507585
1001,2020-12-23,26.790000915527344,0.032767940014254426
1002,2020-12-24,27.459999084472656,0.02500926263712766
1003,2020-12-28,27.25,-0.007647454168758561
1004,2020-12-29,26.940000534057617,-0.011376127190546148
1005,2020-12-30,28.36000061035156,0.05270972710259514
1006,2020-12-31,27.790000915527344,-0.02009871941314989
1007,2021-01-04,28.71999931335449,0.03346521652352741
1008,2021-01-05,30.950000762939453,0.07764629188372019
1009,2021-01-06,34.68000030517578,0.1205169450820418
1010,2021-01-07,34.38999938964844,-0.008362194722474126
1011,2021-01-08,33.61000061035156,-0.022680976828736377
1012,2021-01-11,33.630001068115234,0.000595074602810719
1013,2021-01-12,35.56999969482422,0.05768654668727646
1014,2021-01-13,34.810001373291016,-0.021366272928132424
1015,2021-01-14,34.040000915527344,-0.022120092714344897
1016,2021-01-15,31.770000457763672,-0.06668626312310733
1017,2021-01-19,30.75,-0.03210577409716131
1018,2021-01-20,31.709999084472656,0.031219482421875
1019,2021-01-21,31.190000534057617,-0.016398567184748525
1020,2021-01-22,31.40999984741211,0.007053520666479907
1021,2021-01-25,31.020000457763672,-0.012416408517766042
1022,2021-01-26,29.399999618530277,-0.05222439765721998
1023,2021-01-27,28.32999992370605,-0.036394547915226005
1024,2021-01-28,28.76000022888184,0.015178267078496344
1025,2021-01-29,28.07999992370605,-0.02364396035341154
1026,2021-02-01,32.36000061035156,0.15242167728897305
1027,2021-02-02,32.880001068115234,0.01606923510370173
1028,2021-02-03,33.5,0.0188564145907526
1029,2021-02-04,33.040000915527344,-0.013731315954407686
1030,2021-02-05,34.20000076293945,0.03510895324663754
1031,2021-02-08,35.2400016784668,0.030409382816573904
1032,2021-02-09,34.9900016784668,-0.007094210785828725
1033,2021-02-10,33.630001068115234,-0.03886826364997065
1034,2021-02-11,35.720001220703125,0.062146895218788245
1035,2021-02-12,37.59000015258789,0.05235159204868456
1036,2021-02-16,37.18999862670898,-0.01064116850905028
1037,2021-02-17,37.220001220703125,0.0008067382388285971
1038,2021-02-18,36.79999923706055,-0.011284308701445145
1039,2021-02-19,40.06999969482422,0.08885870993362732
1040,2021-02-22,42.900001525878906,0.07062645002765588
1041,2021-02-23,43.02000045776367,0.002797177799920947
1042,2021-02-24,44.4900016784668,0.03417018142866701
1043,2021-02-25,38.25,-0.14025626979211747
1044,2021-02-26,37.18999862670898,-0.027712454203686843
1045,2021-03-01,40.47999954223633,0.08846466891678095
1046,2021-03-02,37.29999923706055,-0.07855732068024879
1047,2021-03-03,36.810001373291016,-0.013136672219625112
1048,2021-03-04,38.04999923706055,0.03368643894344592
1049,2021-03-05,38.84999847412109,0.02102494751908801
1050,2021-03-08,43.04999923706055,0.1081081319922621
1051,2021-03-09,39.11000061035156,-0.09152145636548925
1052,2021-03-10,39.86000061035156,0.019176680856442863
1053,2021-03-11,40.63999938964844,0.019568458789594567
1054,2021-03-12,40.88999938964844,0.006151574895536971
1055,2021-03-15,40.16999816894531,-0.01760824728418553
1056,2021-03-16,39.2400016784668,-0.023151519364456363
1057,2021-03-17,38.25,-0.025229399493376325
1058,2021-03-18,36.650001525878906,-0.041830025467218146
1059,2021-03-19,37.20000076293945,0.015006799840709073
1060,2021-03-22,37.13999938964844,-0.0016129401091515838
1061,2021-03-23,34.869998931884766,-0.06112009949026442
1062,2021-03-24,34.65999984741211,-0.006022342727422192
1063,2021-03-25,36.400001525878906,0.05020201056338758
1064,2021-03-26,37.220001220703125,0.022527463199176756
1065,2021-03-29,36.27000045776367,-0.025523931536332922
1066,2021-03-30,37.95000076293945,0.04631927995512819
1067,2021-03-31,36.59000015258789,-0.03583664250356722
1068,2021-04-01,37.310001373291016,0.01967754079531492
1069,2021-04-05,37.619998931884766,0.008308698664794667
1070,2021-04-06,36.380001068115234,-0.03296113500733178
1071,2021-04-07,35.849998474121094,-0.014568515075131572
1072,2021-04-08,35.290000915527344,-0.01562057412632789
1073,2021-04-09,36.84000015258789,0.04392176811700099
1074,2021-04-12,36.81999969482422,-0.000542900588513362
1075,2021-04-13,35.97999954223633,-0.022813692546172604
1076,2021-04-14,37.45000076293945,0.04085606557547372
1077,2021-04-15,37.650001525878906,0.005340474202002454
1078,2021-04-16,37.65999984741211,0.00026555965811403404
1079,2021-04-19,37.52000045776367,-0.00371745592712891
1080,2021-04-20,34.75,-0.07382730341066668
1081,2021-04-21,35.5,0.021582733812949728
1082,2021-04-22,37.84999847412109,0.06619714011608702
1083,2021-04-23,38.88999938964844,0.027476907726652122
1084,2021-04-26,39.54999923706055,0.016970940030093917
1085,2021-04-27,41.06999969482422,0.03843237641176356
1086,2021-04-28,40.630001068115234,-0.010713382760614842
1087,2021-04-29,38.02000045776367,-0.06423826093373608
1088,2021-04-30,35.7599983215332,-0.059442454208834095
1089,2021-05-03,38.09000015258789,0.06515665381482005
1090,2021-05-04,38.0099983215332,-0.002100336853090079
1091,2021-05-05,37.04999923706055,-0.025256488473160532
1092,2021-05-06,36.150001525878906,-0.024291436699447666
1093,2021-05-07,35.959999084472656,-0.005255945598514944
1094,2021-05-10,35.66999816894531,-0.008064541793955882
1095,2021-05-11,35.04999923706055,-0.017381524073767474
1096,2021-05-12,33.95000076293945,-0.03138369466661772
1097,2021-05-13,34.779998779296875,0.02444765825347095
1098,2021-05-14,35.16999816894531,0.011213323845215006
1099,2021-05-17,35.59000015258789,0.0119420530426253
1100,2021-05-18,34.599998474121094,-0.027816849514534447
1101,2021-05-19,34.459999084472656,-0.004046225312788643
1102,2021-05-20,33.81999969482422,-0.018572240471614432
1103,2021-05-21,33.72999954223633,-0.0026611517859257416
1104,2021-05-24,34.33000183105469,0.017788387102319447
1105,2021-05-25,33.08000183105469,-0.03641130012609728
1106,2021-05-26,33.90999984741211,0.02509062788437455
1107,2021-05-27,34.79999923706055,0.026245927267863456
1108,2021-05-28,33.95000076293945,-0.0244252440447148
1109,2021-06-01,35.93000030517578,0.058321045588833664
1110,2021-06-02,35.06999969482422,-0.023935446786725434
1111,2021-06-03,34.72999954223633,-0.009694900357756997
1112,2021-06-04,35.40999984741211,0.01957962321159301
1113,2021-06-07,35.41999816894531,0.00028235870026227516
1114,2021-06-08,35.369998931884766,-0.0014116103795958068
1115,2021-06-09,34.70000076293945,-0.018942555532319605
1116,2021-06-10,33.88999938964844,-0.023342978544142245
1117,2021-06-11,34.34000015258789,0.013278275923395366
1118,2021-06-14,33.119998931884766,-0.03552711750967141
1119,2021-06-15,33.900001525878906,0.02355080371827034
1120,2021-06-16,34.119998931884766,0.00648959870511856
1121,2021-06-17,32.470001220703125,-0.048358668312844966
1122,2021-06-18,31.239999771118164,-0.03788116425449051
1123,2021-06-21,33.06999969482422,0.05857874318545653
1124,2021-06-22,32.529998779296875,-0.016329026928048607
1125,2021-06-23,32.13999938964844,-0.011988914979506382
1126,2021-06-24,32.56999969482422,0.013378976768564366
1127,2021-06-25,31.959999084472656,-0.018728910533226006
1128,2021-06-28,31.649999618530277,-0.009699608098330259
1129,2021-06-29,31.43000030517578,-0.006951005245058206
1130,2021-06-30,32.290000915527344,0.027362411772230866
1131,2021-07-01,32.5,0.0065035329364662164
1132,2021-07-02,31.649999618530277,-0.026153857891376142
1133,2021-07-06,36.369998931884766,0.14913110174544997
1134,2021-07-07,38.380001068115234,0.05526538892659527
1135,2021-07-08,38.650001525878906,0.007034925749076715
1136,2021-07-09,39.709999084472656,0.027425550239215557
1137,2021-07-12,40.34000015258789,0.015865048668852078
1138,2021-07-13,39.15999984741211,-0.02925137086545304
1139,2021-07-14,37.88999938964844,-0.03243106390991468
1140,2021-07-15,37.0,-0.023489031511876646
1141,2021-07-16,36.84999847412109,-0.004054095294024673
1142,2021-07-19,34.5099983215332,-0.06350068519626162
1143,2021-07-20,36.81999969482422,0.06693716272508898
1144,2021-07-21,36.900001525878906,0.0021727819586574437
1145,2021-07-22,36.7400016784668,-0.004336039045957696
1146,2021-07-23,37.52999877929688,0.021502369753376938
1147,2021-07-26,37.52000045776367,-0.00026640878919304
1148,2021-07-27,36.52000045776367,-0.026652451700412416
1149,2021-07-28,37.16999816894531,0.017798403697540488
1150,2021-07-29,38.68999862670898,0.04089320776543892
1151,2021-07-30,38.18999862670898,-0.012923236436995778
1152,2021-08-02,37.790000915527344,-0.010473886503412633
1153,2021-08-03,38.58000183105469,0.020905025043350678
1154,2021-08-04,37.36000061035156,-0.031622632524633376
1155,2021-08-05,37.970001220703125,0.016327639196626498
1156,2021-08-06,39.27999877929688,0.03450085637288525
1157,2021-08-09,37.84000015258789,-0.03665984397810029
1158,2021-08-10,39.470001220703125,0.043076137990019525
1159,2021-08-11,39.4900016784668,0.0005067255420601047
1160,2021-08-12,39.02000045776367,-0.01190177768362588
1161,2021-08-13,38.66999816894531,-0.00896981765023841
1162,2021-08-16,41.33000183105469,0.0687872714782165
1163,2021-08-17,40.34000015258789,-0.023953584190817168
1164,2021-08-18,39.709999084472656,-0.015617279765300585
1165,2021-08-19,38.75,-0.024175248214700518
